-40.40856170654297 126.06968688964844 -83.50807189941406
-49.244388580322266 136.31558227539062 -76.31007385253906
-57.469093322753906 139.09860229492188 -63.50156021118164
-62.262359619140625 138.75506591796875 -50.77787780761719
-61.8533821105957 132.52822875976562 -40.73420333862305
-59.931068420410156 130.66827392578125 -49.130889892578125
-57.04340362548828 131.23358154296875 -63.204898834228516
-51.71352005004883 128.05825805664062 -72.5712661743164
-37.88010025024414 142.10997009277344 26.460594177246094
-48.20376968383789 142.19480895996094 19.24240493774414
-55.39015579223633 140.95550537109375 7.169677257537842
-57.50480270385742 138.10476684570312 -1.68496835231781
-61.25410079956055 137.2960205078125 -10.14985466003418
-61.21037292480469 146.58151245117188 -4.004326820373535
-54.92881774902344 151.26258850097656 7.716394901275635
-46.00859832763672 151.1656494140625 19.35584831237793
-45.9057731628418 116.0772933959961 -66.81982421875
-51.960205078125 121.12662506103516 -59.2220573425293
-53.53506851196289 122.45441436767578 -53.852210998535156
-52.424644470214844 122.71492767333984 -47.776466369628906
-49.27281188964844 118.09190368652344 -38.557518005371094
-49.153892517089844 115.08151245117188 -48.10432434082031
-50.42934799194336 113.68151092529297 -52.822200775146484
-50.058284759521484 113.99911499023438 -58.343650817871094
-43.04706573486328 129.9121551513672 15.147761344909668
-48.02118682861328 124.95051574707031 10.412345886230469
-49.548919677734375 122.48143768310547 3.9100234508514404
-49.08335494995117 122.79573822021484 -0.430522084236145
-47.953731536865234 124.03086853027344 -8.904142379760742
-50.66978454589844 130.94598388671875 -0.7047594785690308
-51.18572235107422 132.12315368652344 3.7464239597320557
-48.326385498046875 131.83285522460938 8.78882884979248
-50.25825119018555 118.32818603515625 -53.00432586669922
-49.37693786621094 128.47091674804688 4.729123115539551
-56.53831481933594 119.88642120361328 -16.91898536682129
-66.95559692382812 94.44422149658203 -10.348350524902344
-56.669044494628906 85.80799865722656 -4.361565113067627
-58.143402099609375 78.86676025390625 -7.054187774658203
-68.1361083984375 80.89671325683594 -12.026209831237793
-67.15579223632812 75.41464233398438 -18.301488876342773
-71.82311248779297 79.2657470703125 -26.371376037597656
-60.622459411621094 74.26529693603516 -28.17600440979004
-61.57780456542969 83.0507583618164 -34.762298583984375
-69.18512725830078 91.87639617919922 -30.50250816345215
-57.7574577331543 117.44778442382812 -31.61629295349121
-79.82220458984375 87.51895141601562 -19.404327392578125
-50.81705856323242 49.21954345703125 -37.258670806884766
-61.68230438232422 56.37213897705078 -27.400300979614258
-65.38423919677734 60.62312698364258 -21.924072265625
-65.79525756835938 59.3936767578125 -16.72540855407715
-64.82831573486328 62.199527740478516 -11.453817367553711
-58.608558654785156 58.76565170288086 -2.922776937484741
-47.73740005493164 54.097373962402344 5.516035556793213
-57.09878921508789 48.823326110839844 -3.3012125492095947
-60.355743408203125 46.42658233642578 -15.099234580993652
-59.17046356201172 47.15782928466797 -26.319215774536133
-59.23356628417969 54.44398880004883 -24.59465789794922
-60.812313079833984 55.014400482177734 -16.16084861755371
-58.064205169677734 56.370914459228516 -6.732395648956299
-58.228172302246094 52.16249084472656 -24.074737548828125
-59.80564498901367 52.47517013549805 -15.620782852172852
-57.26975631713867 53.6575813293457 -6.699733257293701
31.13783073425293 61.517154693603516 -83.94416046142578
18.85402488708496 39.00190353393555 -76.57207489013672
-3.535412073135376 23.093921661376953 -63.402069091796875
-25.708560943603516 15.459967613220215 -38.622718811035156
-39.154884338378906 11.623507499694824 -28.083059310913086
-42.65549087524414 9.795845031738281 -13.594693183898926
-36.86655044555664 16.453495025634766 3.303330898284912
-17.513439178466797 26.117746353149414 22.628971099853516
5.456501007080078 40.72720718383789 34.61958694458008
21.868947982788086 61.06391143798828 39.6663818359375
30.439109802246094 79.6392593383789 39.48651123046875
