-34.729522705078125 68.7687759399414 -61.572078704833984
-41.5068473815918 82.6360855102539 -55.088600158691406
-50.83185958862305 87.04085540771484 -42.57741928100586
-58.0679817199707 89.90567016601562 -29.897472381591797
-61.21282958984375 84.82219696044922 -17.36332893371582
-56.86553192138672 81.64852142333984 -28.20920753479004
-51.62302017211914 78.26692962646484 -42.79539108276367
-45.427650451660156 72.8307113647461 -53.277793884277344
-35.34977340698242 82.68042755126953 60.95951843261719
-45.95056915283203 85.29424285888672 52.03593826293945
-53.40602111816406 87.65249633789062 40.21897888183594
-55.8720703125 86.1786117553711 27.2829532623291
-60.64853286743164 87.73612213134766 17.494197845458984
-58.7207145690918 96.77066802978516 27.552824020385742
-50.814788818359375 97.34807586669922 39.988582611083984
-41.753299713134766 95.12214660644531 52.51250076293945
-44.983280181884766 61.37620162963867 -44.56266403198242
-49.99809265136719 63.62559509277344 -38.31730651855469
-53.11421585083008 66.95671844482422 -31.837726593017578
-52.043819427490234 67.91044616699219 -26.669071197509766
-49.06221389770508 63.62214279174805 -16.56220245361328
-50.314212799072266 61.1683464050293 -26.23772621154785
-50.523887634277344 59.134098052978516 -31.672054290771484
-48.78688430786133 58.1194953918457 -37.52388381958008
-45.72749710083008 69.46121215820312 45.74711990356445
-49.62073516845703 67.38333129882812 38.907493591308594
-51.511375427246094 65.94274139404297 33.37670135498047
-51.442142486572266 66.5379638671875 28.143938064575195
-49.83049011230469 67.49170684814453 20.199026107788086
-53.64091491699219 72.7221450805664 27.662275314331055
-51.291011810302734 72.02214050292969 32.39751434326172
-49.926239013671875 71.82849884033203 38.58039474487305
-50.76929473876953 64.10311126708984 -32.015689849853516
-52.13102722167969 70.73311614990234 33.824302673339844
-60.274906158447266 68.3614501953125 6.97077751159668
-77.61421203613281 45.73405075073242 15.555499076843262
-65.66814422607422 34.80553436279297 22.551990509033203
-67.49561309814453 27.069639205932617 18.663253784179688
-79.52245330810547 31.476987838745117 12.621546745300293
-77.73828125 25.401132583618164 3.8622748851776123
-83.91421508789062 29.536670684814453 -6.958649158477783
-73.50560760498047 22.95831871032715 -5.265293121337891
-70.19625091552734 29.174610137939453 -11.774968147277832
-79.01421356201172 44.02214431762695 -13.843310356140137
-61.562599182128906 67.48930358886719 -8.637969017028809
-95.26680755615234 38.37092971801758 2.055473566055298
-62.87031555175781 -4.60729455947876 -20.16025161743164
-72.3729019165039 4.4295830726623535 -8.157763481140137
-75.99003601074219 8.263856887817383 1.0622750520706177
-76.99540710449219 6.525327205657959 6.585358619689941
-76.65441131591797 9.325209617614746 12.674256324768066
-73.52423858642578 6.6963701248168945 22.202880859375
-64.57093048095703 -0.9619578123092651 33.98161697387695
-75.20909118652344 -0.9850671291351318 20.05008888244629
-76.9552001953125 -1.6697361469268799 7.437039375305176
-75.50892639160156 -2.9885709285736084 -5.301074504852295
-74.58954620361328 3.4221420288085938 -1.1027414798736572
-76.05660247802734 3.6467976570129395 7.025554180145264
-73.61570739746094 3.787376642227173 17.662975311279297
-74.17476654052734 1.2239644527435303 -3.455272912979126
-75.9403076171875 1.7747387886047363 7.416109085083008
-73.91094207763672 2.9215457439422607 17.63001251220703
-3.027820348739624 -38.79685974121094 -52.96596908569336
-4.43757963180542 -38.65475845336914 -52.956077575683594
-33.51421356201172 -49.272037506103516 -37.43772506713867
-54.97870635986328 -45.85720443725586 -24.57192611694336
-74.81421661376953 -44.665374755859375 -0.8725551962852478
-77.99855041503906 -41.39364242553711 12.219257354736328
-66.41421508789062 -42.43793869018555 24.162275314331055
-49.70428466796875 -37.46397018432617 52.26340103149414
-24.90032386779785 -30.172103881835938 69.87468719482422
0.7857869863510132 -18.27785873413086 79.42693328857422
11.985786437988281 3.4221420288085938 85.61856842041016
