-34.19464874267578 46.91410446166992 -61.697303771972656
-42.68312072753906 59.309478759765625 -55.69853210449219
-49.488826751708984 65.93992614746094 -42.58918762207031
-53.39485549926758 69.88511657714844 -29.355012893676758
-50.4781379699707 66.24251556396484 -16.843692779541016
-48.80319595336914 61.18266296386719 -27.22266387939453
-49.32360076904297 56.806095123291016 -40.31785583496094
-42.77779006958008 50.160926818847656 -51.906307220458984
-6.6339263916015625 72.91960906982422 45.184425354003906
-21.63338851928711 71.21812438964844 39.697086334228516
-31.01131820678711 71.46483612060547 31.00636863708496
-35.02193832397461 71.63391876220703 20.16637420654297
-42.90578842163086 71.81842803955078 12.783034324645996
-41.891700744628906 82.44363403320312 20.15183448791504
-32.59650421142578 83.32784271240234 29.97555923461914
-21.183055877685547 82.44554901123047 38.42154312133789
-38.198360443115234 37.56243133544922 -44.57691192626953
-43.73647689819336 41.32880401611328 -37.12506103515625
-44.82646942138672 46.74659729003906 -30.78603744506836
-41.16178512573242 48.0091667175293 -26.103952407836914
-36.09375762939453 46.97109603881836 -18.67426300048828
-38.22307586669922 42.68886947631836 -26.00261116027832
-39.63229751586914 38.94292068481445 -31.143686294555664
-39.89937973022461 37.85154724121094 -36.83150863647461
-15.818717002868652 57.16505813598633 37.04424285888672
-20.75877571105957 54.15859603881836 32.78169250488281
-24.32935905456543 53.12470245361328 27.5418758392334
-25.61023712158203 53.775630950927734 22.40847396850586
-26.637102127075195 54.384544372558594 16.22096824645996
-27.993314743041992 59.19790267944336 21.62689208984375
-28.105735778808594 59.1668586730957 26.404918670654297
-23.912851333618164 57.9306526184082 32.54476547241211
-42.05672836303711 42.282649993896484 -30.88374137878418
-25.401968002319336 55.732452392578125 27.389070510864258
-39.34894943237305 52.93327713012695 7.605813503265381
-49.895633697509766 29.748157501220703 20.663537979125977
-36.06453323364258 21.815031051635742 25.25992202758789
-38.110572814941406 13.834234237670898 23.315279006958008
-51.22686767578125 16.419944763183594 20.083234786987305
-51.88816833496094 8.33838176727295 13.485146522521973
-60.35992431640625 13.28847599029541 4.805858135223389
-46.636199951171875 7.578766345977783 -2.337421417236328
-46.46323776245117 13.958415985107422 -8.404825210571289
-56.47832107543945 24.8120059967041 -1.4487276077270508
-44.645652770996094 49.96656799316406 -8.617965698242188
-69.27359771728516 22.190540313720703 15.100775718688965
-36.66664505004883 -18.56776237487793 -12.26141357421875
-44.52202224731445 -12.070329666137695 0.3675546646118164
-46.31730270385742 -8.23123550415039 9.419397354125977
-43.2525749206543 -8.769749641418457 15.855764389038086
-42.06343078613281 -5.611701011657715 22.098628997802734
-34.86613464355469 -6.149172306060791 29.195556640625
-19.050926208496094 -7.286857604980469 35.419795989990234
-34.30217742919922 -14.168954849243164 28.045122146606445
-40.944766998291016 -17.74867820739746 17.65021514892578
-42.088096618652344 -19.344587326049805 4.856379985809326
-42.891239166259766 -14.272252082824707 5.557659149169922
-41.938297271728516 -12.489019393920898 16.117895126342773
-36.33522415161133 -9.473955154418945 25.473913192749023
-42.25484848022461 -14.726285934448242 5.88174295425415
-41.30183792114258 -13.519286155700684 16.342872619628906
-35.82333755493164 -10.460073471069336 25.066415786743164
24.404769897460938 -32.9190559387207 -73.9033203125
22.502241134643555 -44.64155197143555 -56.42348861694336
2.186293125152588 -54.93405532836914 -37.45475387573242
-18.818546295166016 -60.712181091308594 -16.86286735534668
-33.38762283325195 -60.77250671386719 6.367948055267334
-32.767662048339844 -56.7987060546875 22.82752799987793
-23.649263381958008 -53.713958740234375 38.29663848876953
1.4115036725997925 -44.9814453125 49.750579833984375
26.81385612487793 -32.059661865234375 56.38763427734375
44.28709411621094 -15.12213134765625 57.69857406616211
61.11455535888672 3.5580718517303467 60.90834426879883
