-27.72942352294922 69.15324401855469 -59.08347702026367
-29.14552116394043 82.13873291015625 -53.60926818847656
-36.326576232910156 90.49613189697266 -38.8890380859375
-40.82320022583008 93.30426788330078 -23.899099349975586
-41.037330627441406 86.58455657958984 -13.196394920349121
-40.37941360473633 83.34886169433594 -24.23556900024414
-39.19450378417969 80.8920669555664 -38.21844482421875
-35.93577194213867 74.37841033935547 -49.6640739440918
-3.2039740085601807 82.42192077636719 56.17444610595703
-15.947222709655762 85.41326141357422 50.410213470458984
-24.74917984008789 88.70759582519531 39.38788604736328
-29.795175552368164 87.24652099609375 28.1584529876709
-34.05012512207031 89.34764099121094 19.458829879760742
-30.377153396606445 98.1961898803711 25.134912490844727
-20.586666107177734 97.30305480957031 39.145477294921875
-10.328813552856445 92.52715301513672 49.44953155517578
-37.64019775390625 56.92158889770508 -43.20418930053711
-43.58818054199219 62.49367904663086 -32.99079895019531
-42.479061126708984 67.10086822509766 -25.565397262573242
-39.907798767089844 65.49290466308594 -20.251684188842773
-37.62700271606445 61.485965728759766 -13.517326354980469
-40.16743850708008 58.50419235229492 -20.363821029663086
-41.60338592529297 55.81053924560547 -26.358627319335938
-41.22407150268555 55.117984771728516 -34.32425308227539
-21.56903839111328 66.73146057128906 46.97740936279297
-26.980758666992188 63.52581024169922 41.06171417236328
-29.70088005065918 62.60871887207031 34.84556579589844
-30.660259246826172 63.52720260620117 30.371906280517578
-30.716197967529297 64.79530334472656 21.980199813842773
-31.53452491760254 70.07698059082031 28.741378784179688
-31.84085464477539 70.44720458984375 34.26122283935547
-29.009328842163086 69.18499755859375 40.38422393798828
-42.348472595214844 58.45341873168945 -25.385656356811523
-30.86396026611328 65.8587875366211 34.7776985168457
-37.85609436035156 66.18942260742188 12.421924591064453
-53.650325775146484 44.10807418823242 22.62128448486328
-44.7611198425293 32.90128707885742 30.16203498840332
-49.07673645019531 25.15146827697754 27.91289520263672
-58.378662109375 31.396799087524414 22.521589279174805
-58.9453125 25.492450714111328 14.279706954956055
-64.16238403320312 30.424110412597656 5.091763973236084
-55.12006759643555 21.370243072509766 -0.3963123857975006
-53.306060791015625 27.671905517578125 -7.163548946380615
-58.15222930908203 40.73211669921875 -0.5552972555160522
-41.41727066040039 64.75827026367188 -3.3653438091278076
-69.29859924316406 40.789398193359375 14.283951759338379
-54.00767517089844 -6.570181369781494 -7.335574626922607
-62.34638977050781 2.7771549224853516 3.59036922454834
-64.09095764160156 9.241915702819824 11.365655899047852
-64.18721008300781 8.338761329650879 18.024080276489258
-61.3822021484375 10.671201705932617 24.197223663330078
-55.42272186279297 6.47887659072876 32.873802185058594
-44.022891998291016 -0.33021578192710876 40.911109924316406
-57.605934143066406 -4.041080951690674 32.32891845703125
-63.765419006347656 -5.66931676864624 20.7271785736084
-62.804840087890625 -6.814178943634033 7.573304176330566
-62.293373107910156 0.7484886646270752 9.677120208740234
-62.79243850708008 2.234719753265381 19.386676788330078
-57.220882415771484 2.995779514312744 29.053569793701172
-61.665409088134766 -1.127730369567871 8.708620071411133
-62.3322639465332 0.7520204186439514 19.540864944458008
-57.59468078613281 1.4373136758804321 29.281129837036133
22.609182357788086 -12.653346061706543 -72.83409881591797
10.899124145507812 -35.17277908325195 -60.36272430419922
-14.323260307312012 -46.12308883666992 -40.269779205322266
-35.38275909423828 -47.47990798950195 -17.605621337890625
-50.65711975097656 -47.78966522216797 2.904231071472168
-51.8990592956543 -46.41748046875 20.164772033691406
-42.14399719238281 -45.66573715209961 37.38951873779297
-18.699739456176758 -40.58915710449219 53.03403854370117
7.52827262878418 -35.148780822753906 65.76348876953125
32.94565200805664 -24.586267471313477 71.25395202636719
45.377864837646484 -0.5525379180908203 75.02582550048828
