-26.39849281311035 53.085391998291016 -72.12507629394531
-33.482460021972656 67.3447265625 -66.31261444091797
-41.631771087646484 71.96292114257812 -55.28841781616211
-48.301849365234375 73.24459075927734 -41.606605529785156
-48.88330078125 66.3896484375 -31.791297912597656
-46.104454040527344 63.717315673828125 -41.17805480957031
-42.49589538574219 62.34885787963867 -55.07113265991211
-36.14743423461914 57.42623519897461 -65.00855255126953
-23.060712814331055 65.09953308105469 43.95528793334961
-35.81570816040039 67.39168548583984 35.152191162109375
-43.76972198486328 69.5163803100586 22.35604476928711
-46.32916259765625 67.63472747802734 10.234230995178223
-49.44705581665039 69.02055358886719 0.1686798334121704
-48.90631103515625 77.93700408935547 9.297323226928711
-42.28648376464844 79.62841796875 22.470455169677734
-31.549161911010742 76.7864990234375 35.384098052978516
-36.71750259399414 43.47787094116211 -56.878631591796875
-40.9892578125 48.537410736083984 -50.52690887451172
-41.85959243774414 51.475677490234375 -45.174407958984375
-40.067718505859375 50.75926971435547 -38.706443786621094
-41.0621337890625 46.83704376220703 -28.48236083984375
-39.22705841064453 43.72100067138672 -38.13788604736328
-39.53856658935547 42.613304138183594 -43.73014831542969
-39.21278762817383 42.333553314208984 -49.197444915771484
-35.401065826416016 51.76482391357422 29.488388061523438
-39.09962844848633 48.35795974731445 22.567424774169922
-39.72447967529297 47.26779556274414 16.507810592651367
-39.6295051574707 48.16383743286133 11.23766803741455
-39.157066345214844 49.374183654785156 3.6072964668273926
-40.805442810058594 55.28664779663086 10.917171478271484
-41.90873718261719 56.183589935302734 15.372674942016602
-40.841365814208984 54.47682571411133 21.964834213256836
-40.27032470703125 47.13325119018555 -44.07097625732422
-40.71723937988281 52.10716247558594 16.407663345336914
-46.78730392456055 49.971744537353516 -6.138898849487305
-60.12401580810547 26.30156898498535 1.8375163078308105
-49.9218864440918 15.297174453735352 10.320347785949707
-52.957130432128906 6.995850086212158 6.416191101074219
-63.252105712890625 11.770302772521973 -0.058420032262802124
-63.793888092041016 4.941826343536377 -9.288132667541504
-68.18838500976562 10.796520233154297 -20.132186889648438
-55.76483917236328 3.627537488937378 -23.961856842041016
-55.14513397216797 7.283026218414307 -30.112565994262695
-62.529300689697266 23.61017417907715 -25.793752670288086
-47.38663864135742 48.49357223510742 -23.927961349487305
-76.64276885986328 20.872217178344727 -11.3671293258667
-51.811912536621094 -26.344005584716797 -29.838939666748047
-63.917667388916016 -17.753616333007812 -20.581968307495117
-67.8095474243164 -11.5619535446167 -13.377828598022461
-68.97761535644531 -13.071613311767578 -6.431750774383545
-67.25569915771484 -10.3079252243042 0.011623719707131386
-60.92979049682617 -14.799907684326172 10.695420265197754
-48.889678955078125 -20.863967895507812 21.547414779663086
-62.31826400756836 -25.28857421875 10.083498001098633
-66.76427459716797 -27.75381088256836 -3.7269771099090576
-64.36104583740234 -28.685503005981445 -17.281496047973633
-64.13932037353516 -20.966245651245117 -15.808916091918945
-65.96080017089844 -19.5526065826416 -4.498056411743164
-61.821006774902344 -18.485204696655273 6.646378040313721
-63.446807861328125 -22.34857749938965 -15.35479736328125
-65.08868408203125 -20.7750301361084 -4.246163845062256
-61.55978775024414 -20.043779373168945 6.500931739807129
37.13475799560547 -26.34029769897461 -81.02588653564453
16.575788497924805 -50.529266357421875 -69.01142120361328
-16.961429595947266 -66.10971069335938 -48.09991455078125
-33.77992248535156 -65.72383880615234 -36.5014762878418
-52.045814514160156 -70.09159088134766 -17.863208770751953
-56.81757736206055 -67.79359436035156 -0.39106976985931396
-50.33682632446289 -66.23271942138672 18.277042388916016
-28.043893814086914 -58.47637939453125 36.27248764038086
-2.9098246097564697 -49.14202880859375 51.737144470214844
17.739652633666992 -36.099266052246094 61.0908317565918
31.02366065979004 -17.578571319580078 66.39151763916016
