-50.72861862182617 23.967321395874023 -21.837966918945312
-48.1228141784668 35.48963165283203 -13.10103702545166
-43.10314178466797 40.06211471557617 -1.177605390548706
-36.43032455444336 41.33098602294922 9.757396697998047
-30.19112205505371 34.56135559082031 15.22063159942627
-35.399932861328125 32.177982330322266 7.904134750366211
-43.98580551147461 31.55241584777832 0.37472692131996155
-48.76213836669922 27.716266632080078 -8.034232139587402
34.54731369018555 39.25504684448242 40.884857177734375
22.00242042541504 40.00803756713867 43.49907302856445
10.759756088256836 41.77445602416992 40.390499114990234
1.4587193727493286 38.65166473388672 34.50870132446289
-7.935405254364014 39.13816452026367 31.46382713317871
-0.6003910303115845 48.253177642822266 35.24009323120117
12.786084175109863 49.473880767822266 38.311607360839844
25.47116470336914 47.51994705200195 40.24332046508789
-45.92423629760742 6.680659770965576 -10.169837951660156
-45.71147918701172 11.875800132751465 0.4449636936187744
-38.09403991699219 16.48065948486328 6.421833038330078
-33.86675262451172 16.297557830810547 8.153603553771973
-26.240110397338867 14.085874557495117 10.34040355682373
-33.7357292175293 10.168153762817383 7.048744201660156
-38.726318359375 5.905361652374268 3.452807664871216
-41.941829681396484 5.310831069946289 -0.9037135243415833
23.616071701049805 18.59699821472168 43.10208511352539
16.664268493652344 15.780659675598145 42.50385665893555
10.023112297058105 13.691071510314941 39.31776809692383
5.263496398925781 16.091230392456055 35.71958923339844
0.6344037055969238 17.880659103393555 29.516788482666016
3.076920509338379 22.775556564331055 36.988765716552734
6.315423488616943 23.48065948486328 41.37678527832031
13.429039001464844 18.580659866333008 43.03015899658203
-38.6544303894043 8.780659675598145 3.8301620483398438
9.404228210449219 17.180660247802734 40.29479217529297
-10.51562213897705 19.944862365722656 28.686803817749023
-17.211938858032227 -1.2224781513214111 43.528953552246094
-5.79309606552124 -10.9532470703125 41.187828063964844
-9.951950073242188 -17.700653076171875 42.157806396484375
-20.43572998046875 -12.10956859588623 46.26352310180664
-25.480690002441406 -18.479902267456055 40.62434768676758
-35.91109848022461 -13.597583770751953 37.17721176147461
-29.838031768798828 -21.265445709228516 27.253496170043945
-31.178199768066406 -15.095648765563965 23.068321228027344
-33.045475006103516 -4.5193400382995605 30.98811912536621
-24.10487174987793 16.954307556152344 19.20521354675293
-35.53923034667969 -2.3063740730285645 49.35089874267578
-33.833763122558594 -49.26149368286133 20.002914428710938
-30.793020248413086 -36.719337463378906 36.851661682128906
-28.736610412597656 -32.95860290527344 39.4087028503418
-25.16544532775879 -33.06127166748047 44.42263412475586
-19.386314392089844 -30.583616256713867 47.355648040771484
-9.669631958007812 -34.304996490478516 50.51228713989258
4.005028247833252 -39.99025344848633 49.99565887451172
-12.585053443908691 -43.37065124511719 52.784847259521484
-24.64842987060547 -45.55104064941406 48.095340728759766
-32.133548736572266 -47.92119598388672 36.564002990722656
-29.586389541625977 -40.68602752685547 36.307193756103516
-23.189729690551758 -38.34905242919922 44.20242691040039
-14.051828384399414 -37.40031814575195 48.58900451660156
-29.152233123779297 -42.0413932800293 36.49599838256836
-22.66419792175293 -40.767818450927734 44.389068603515625
-14.185298919677734 -39.028411865234375 48.816551208496094
-15.3846435546875 -63.282958984375 -61.9698371887207
-18.690664291381836 -77.98035430908203 -41.53141403198242
-25.234174728393555 -84.42089080810547 -22.252792358398438
-28.755197525024414 -88.00274658203125 5.238953113555908
-24.2504940032959 -86.38935852050781 32.31220626831055
-14.494550704956055 -86.04000091552734 46.98432922363281
2.9260218143463135 -81.84868621826172 53.028141021728516
29.034202575683594 -78.78268432617188 48.238739013671875
49.86918258666992 -71.1767349243164 39.3643798828125
67.63971710205078 -60.139530181884766 25.748714447021484
76.56452941894531 -47.03646469116211 21.81184196472168
