-46.49745559692383 82.22004699707031 -40.27703857421875
-52.03782272338867 91.95429992675781 -33.3836555480957
-57.025020599365234 95.77381896972656 -21.329822540283203
-59.4641227722168 98.23458099365234 -8.193305015563965
-56.956329345703125 95.11357116699219 3.97383189201355
-56.46116638183594 90.71448516845703 -6.639629364013672
-56.543434143066406 88.74307250976562 -18.994253158569336
-53.022674560546875 84.52616882324219 -29.836475372314453
-7.222649574279785 104.9619369506836 65.68670654296875
-20.165130615234375 104.40672302246094 60.97616195678711
-31.26275634765625 104.20902252197266 53.144081115722656
-37.397220611572266 101.16780853271484 43.61006164550781
-44.93546676635742 101.37578582763672 36.85387420654297
-41.82539749145508 110.65949249267578 44.63969039916992
-31.371625900268555 112.52337646484375 52.60681915283203
-19.44783592224121 112.85855865478516 60.261619567871094
-46.75105667114258 76.67031860351562 -23.738344192504883
-51.226497650146484 80.37813568115234 -15.556581497192383
-50.55570983886719 82.56697845458984 -10.162005424499512
-47.85697937011719 83.43524169921875 -5.281940937042236
-41.95004653930664 84.32168579101562 5.724669456481934
-44.52357864379883 76.61129760742188 -5.06052827835083
-46.274105072021484 75.58384704589844 -8.626167297363281
-46.631805419921875 74.68624877929688 -15.123764038085938
-17.733379364013672 94.12651824951172 55.77383041381836
-23.45197105407715 90.26270294189453 51.913368225097656
-26.887413024902344 87.97402954101562 47.2570686340332
-28.385601043701172 87.6099853515625 42.02983093261719
-29.632036209106445 86.54435729980469 32.91332244873047
-30.43305015563965 94.42029571533203 41.58550262451172
-29.4626407623291 95.19647979736328 47.01171112060547
-25.073301315307617 95.46043395996094 51.78437042236328
-47.93540573120117 81.08446502685547 -10.726167678833008
-26.53519058227539 92.85770416259766 46.673831939697266
-43.42818832397461 86.2221908569336 29.332677841186523
-51.4477424621582 64.18079376220703 39.791500091552734
-37.52618408203125 56.446048736572266 45.44847106933594
-41.19538497924805 49.48301315307617 43.753021240234375
-52.44150924682617 51.25998306274414 40.37383270263672
-54.04063034057617 46.41105651855469 31.973831176757812
-63.20911407470703 48.78948211669922 23.822010040283203
-51.77773666381836 43.05791473388672 15.79148006439209
-52.466941833496094 47.90582275390625 11.673831939697266
-59.73931884765625 59.61162567138672 18.358562469482422
-49.226261138916016 82.7269287109375 13.085692405700684
-71.150634765625 57.17056655883789 35.0994873046875
-48.37350845336914 15.147087097167969 7.740592956542969
-58.35784912109375 23.66494369506836 21.697126388549805
-58.109764099121094 28.821720123291016 29.761795043945312
-56.487632751464844 28.624101638793945 36.730411529541016
-53.9035758972168 31.743865966796875 42.604400634765625
-46.318111419677734 28.177852630615234 51.01457977294922
-31.248308181762695 26.16066551208496 57.435325622558594
-48.69210433959961 19.403926849365234 51.00070571899414
-56.73996353149414 17.419178009033203 40.32806396484375
-58.48446273803711 14.452787399291992 25.20489501953125
-56.608619689941406 21.872358322143555 26.341909408569336
-55.65363311767578 24.472564697265625 37.573829650878906
-48.8953857421875 25.925153732299805 47.25151443481445
-57.42601776123047 20.91725730895996 26.64921760559082
-55.70532989501953 23.75411605834961 37.90037536621094
-49.19477462768555 25.554277420043945 47.53609848022461
20.404613494873047 7.6838507652282715 -61.955284118652344
8.096922874450684 -9.486038208007812 -48.90278244018555
-8.403205871582031 -20.201772689819336 -29.276769638061523
-26.672626495361328 -23.584148406982422 -2.2465827465057373
-39.930667877197266 -24.15930938720703 23.031082153320312
-38.99373245239258 -22.26858139038086 41.11015701293945
-29.88690185546875 -17.352378845214844 55.54500198364258
-1.6446619033813477 -10.027105331420898 66.97383117675781
24.604612350463867 -0.016148999333381653 72.6351547241211
48.118324279785156 15.759081840515137 74.29350280761719
64.35090637207031 37.332908630371094 69.27483367919922
