-16.0728816986084 76.76141357421875 -71.0694580078125
-13.028977394104004 88.49735260009766 -65.71112823486328
-16.339616775512695 93.26739501953125 -55.333274841308594
-17.61275863647461 96.64122772216797 -43.80612564086914
-17.89018440246582 92.19086456298828 -34.69905471801758
-19.94540786743164 88.23743438720703 -41.829124450683594
-21.627113342285156 87.9512710571289 -53.552310943603516
-23.8809871673584 82.81888580322266 -59.43988800048828
4.93577241897583 98.58050537109375 16.708229064941406
-3.8508830070495605 99.50983428955078 11.524398803710938
-8.286504745483398 99.78205871582031 0.6816262006759644
-10.78122615814209 95.6453628540039 -8.224821090698242
-12.377552032470703 96.1415023803711 -15.095929145812988
-8.122199058532715 104.3265380859375 -11.00210189819336
-1.28909170627594 106.07769012451172 -0.9065821170806885
0.867606520652771 103.83181762695312 8.084227561950684
-27.8232421875 67.69086456298828 -57.099056243896484
-28.09454345703125 73.71050262451172 -47.101043701171875
-25.082847595214844 74.47200775146484 -43.199031829833984
-22.96456527709961 76.15202331542969 -39.486148834228516
-20.845060348510742 73.93600463867188 -31.308143615722656
-24.189640045166016 72.85697174072266 -38.74530792236328
-27.08806800842285 72.01850128173828 -44.234291076660156
-29.811098098754883 69.4193115234375 -48.17205047607422
-7.379729747772217 87.86397552490234 14.300943374633789
-11.45742130279541 86.14744567871094 10.556431770324707
-14.149786949157715 82.87220764160156 5.795872211456299
-14.293784141540527 81.98999786376953 1.245641827583313
-14.123652458190918 79.83549499511719 -5.598546981811523
-12.25375747680664 87.31820678710938 -0.7028895020484924
-12.59943962097168 88.69086456298828 2.6747024059295654
-10.808624267578125 88.11231994628906 8.079249382019043
-25.89765739440918 73.08991241455078 -43.96885681152344
-11.671294212341309 85.7813949584961 4.494933605194092
-18.413599014282227 78.54051971435547 -12.999055862426758
-33.578224182128906 66.25714874267578 1.3155021667480469
-28.224905014038086 55.3338508605957 10.501699447631836
-35.31666946411133 49.32450866699219 9.510848999023438
-40.60395050048828 54.93068313598633 0.7173988819122314
-43.911170959472656 49.728721618652344 -4.599055767059326
-47.504695892333984 53.21894836425781 -12.724031448364258
-44.66362380981445 42.57368850708008 -14.433748245239258
-42.767974853515625 46.69086456298828 -15.42103385925293
-42.0202751159668 59.80776596069336 -20.535825729370117
-22.46901512145996 76.50300598144531 -23.212913513183594
-48.84174728393555 65.45025634765625 -6.775996685028076
-50.87662124633789 14.92435359954834 -19.193035125732422
-56.34918212890625 29.400043487548828 -3.80789852142334
-55.384334564208984 34.85577392578125 -2.557232141494751
-55.59848403930664 35.08169937133789 2.691776990890503
-51.45046615600586 37.84186935424805 8.773329734802246
-45.66408920288086 34.35357666015625 18.083532333374023
-35.83132553100586 27.71868896484375 25.93893051147461
-51.20722961425781 25.905498504638672 19.27975082397461
-60.060916900634766 23.668066024780273 8.476314544677734
-59.54105758666992 19.096569061279297 -4.2122673988342285
-55.878257751464844 25.397872924804688 -4.922335147857666
-55.07221984863281 29.190866470336914 4.678717136383057
-49.43039321899414 30.1903076171875 14.528672218322754
-55.97111892700195 24.05986785888672 -4.194408416748047
-54.86368179321289 27.714359283447266 5.2387261390686035
-49.78799057006836 29.33310890197754 14.488781929016113
8.438140869140625 -19.809133529663086 -69.69905090332031
-4.805638313293457 -30.91722297668457 -56.42478942871094
-23.90400505065918 -31.857820510864258 -40.69169616699219
-41.38412094116211 -30.251680374145508 -21.870193481445312
-56.73667907714844 -24.09242057800293 1.5088365077972412
-55.98275375366211 -19.417339324951172 18.699647903442383
-42.20070266723633 -15.03978443145752 35.999412536621094
-17.4709415435791 -15.420273780822754 43.42082214355469
3.9484589099884033 -8.982032775878906 49.66568374633789
22.877288818359375 -3.585836410522461 52.34011459350586
37.3171272277832 5.390867233276367 51.67867660522461
