-47.452125549316406 54.22584533691406 -37.27078628540039
-47.832523345947266 68.43597412109375 -30.36744499206543
-47.27014923095703 74.8434829711914 -16.770322799682617
-44.96621322631836 78.07181549072266 -3.304673671722412
-41.14052200317383 72.72283935546875 5.8688063621521
-44.201026916503906 68.69525146484375 -3.4250781536102295
-48.50520324707031 66.390869140625 -15.236552238464355
-50.38548278808594 60.307518005371094 -26.075382232666016
19.097646713256836 76.50362396240234 57.54378128051758
4.170738697052002 79.0665512084961 55.325992584228516
-8.013980865478516 80.1871109008789 47.033145904541016
-15.934796333312988 76.88697052001953 38.28593444824219
-24.30185317993164 77.11134338378906 31.978055953979492
-17.778919219970703 86.9576416015625 37.44770431518555
-4.704840660095215 89.32991027832031 45.167484283447266
9.546276092529297 86.96675872802734 52.244384765625
-48.079219818115234 40.06642150878906 -18.564453125
-50.569786071777344 47.80854797363281 -11.681253433227539
-36.574729919433594 58.02615737915039 3.9687132835388184
-42.40487289428711 50.986366271972656 -0.4523525536060333
-36.26454544067383 49.49814224243164 6.082448482513428
-42.262245178222656 44.69099426269531 0.22786585986614227
-45.770626068115234 41.442604064941406 -4.494541168212891
-47.69520568847656 39.64785385131836 -11.026161193847656
1.9301217794418335 58.1839599609375 56.45165252685547
-6.929373741149902 54.23035430908203 52.04779815673828
-12.19680404663086 53.451419830322266 46.69447326660156
-14.65137004852295 54.32509231567383 41.351356506347656
-16.25002098083496 54.59156799316406 35.69144821166992
-15.332839012145996 61.288551330566406 40.66439437866211
-14.389331817626953 62.95671463012695 45.06350326538086
-8.908744812011719 61.54068374633789 52.1165657043457
-46.1761474609375 44.111114501953125 -3.8075790405273438
-13.008842468261719 55.73594665527344 47.00983428955078
-28.129501342773438 56.23998260498047 29.27440643310547
-39.803775787353516 37.443111419677734 47.60265350341797
-27.615346908569336 26.221172332763672 49.69734573364258
-32.0043830871582 18.27933692932129 48.75177001953125
-43.858009338378906 23.953279495239258 48.813377380371094
-47.29735565185547 16.680095672607422 42.25929260253906
-57.19941711425781 22.10027503967285 35.59384536743164
-46.83412551879883 13.2205228805542 25.840538024902344
-48.24451446533203 18.64687156677246 19.66256332397461
-53.08110427856445 31.96798324584961 27.588115692138672
-36.85066223144531 52.92538070678711 16.396875381469727
-60.85517120361328 33.85196304321289 47.24173355102539
-51.27737045288086 -17.33809471130371 21.11114501953125
-52.29506301879883 -4.745728015899658 33.957210540771484
-50.20040512084961 0.7679098844528198 40.8800163269043
-47.44797897338867 0.5718122720718384 47.04498291015625
-43.14894104003906 3.3911383152008057 51.80260467529297
-36.2237663269043 0.02546624466776848 58.83888626098633
-24.25193214416504 -7.475724220275879 64.04856872558594
-38.74382400512695 -8.776899337768555 58.9210090637207
-47.107521057128906 -10.709758758544922 49.71889877319336
-51.989017486572266 -13.068175315856934 37.265682220458984
-50.61959457397461 -6.831101894378662 37.98460006713867
-46.09086990356445 -4.255808353424072 47.29324722290039
-39.285526275634766 -3.0276670455932617 55.609588623046875
-50.48662567138672 -7.957127094268799 38.3192024230957
-45.63705062866211 -5.690254211425781 47.567623138427734
-39.42366409301758 -4.069916248321533 55.78016662597656
-5.117758274078369 -35.05743408203125 -53.320621490478516
-16.923484802246094 -50.3560905456543 -35.78123474121094
-30.73917007446289 -57.72333908081055 -13.281026840209961
-42.918243408203125 -53.8321418762207 14.478970527648926
-45.54253005981445 -55.248817443847656 35.895347595214844
-41.25111770629883 -54.519954681396484 53.37480545043945
-26.45908546447754 -48.722007751464844 64.72148132324219
0.9433486461639404 -43.55753707885742 68.41825103759766
27.69921875 -37.09284210205078 69.09219360351562
50.610145568847656 -26.928054809570312 66.1463394165039
61.44863510131836 -12.008320808410645 62.55424118041992
