-18.137435913085938 52.499935150146484 -78.506103515625
-17.736038208007812 66.37390899658203 -72.49322509765625
-20.237173080444336 75.97798919677734 -61.37977981567383
-22.879478454589844 80.793701171875 -48.53348922729492
-23.61174201965332 74.55120849609375 -36.63205337524414
-24.763717651367188 70.97698974609375 -46.878273010253906
-24.085514068603516 68.8454818725586 -59.586524963378906
-21.78046417236328 60.6558723449707 -70.63011169433594
13.229784965515137 66.27471160888672 30.66975975036621
3.352384328842163 73.33650970458984 22.108795166015625
-4.529151439666748 77.69852447509766 12.209083557128906
-10.91114330291748 76.63703918457031 2.0992982387542725
-15.399208068847656 78.75493621826172 -7.293107986450195
-9.604469299316406 87.24482727050781 -0.065282441675663
0.5000256896018982 85.17264556884766 11.105758666992188
10.62697982788086 78.8673095703125 20.58753776550293
-26.376379013061523 47.57536315917969 -62.10916519165039
-28.680810928344727 54.870609283447266 -55.484683990478516
-24.25031852722168 62.37550735473633 -28.22686767578125
-25.525453567504883 57.82516860961914 -43.613685607910156
-23.01634407043457 53.89105987548828 -35.68047332763672
-25.649826049804688 58.43162536621094 -29.00177764892578
-29.810205459594727 48.56669616699219 -47.668312072753906
-29.581811904907227 45.566131591796875 -54.53537368774414
-5.789379119873047 56.63220977783203 20.23602867126465
-11.230212211608887 55.648033142089844 14.94174861907959
-14.858704566955566 55.99576950073242 9.67231273651123
-16.19188117980957 57.10465621948242 4.10170316696167
-15.412229537963867 57.493003845214844 -3.2223377227783203
-14.564679145812988 63.39068603515625 3.4019341468811035
-13.334650993347168 64.642822265625 8.32290267944336
-10.36038875579834 62.8432731628418 14.46649169921875
-28.952281951904297 54.84526443481445 -47.566566467285156
-14.681119918823242 59.13618850708008 9.920788764953613
-22.330337524414062 62.014564514160156 -11.2130765914917
-42.36935806274414 52.74649429321289 -0.8062628507614136
-38.58378219604492 39.03724670410156 6.226475238800049
-45.51460266113281 34.51502227783203 4.618985652923584
-51.14936828613281 43.54712677001953 -1.154261589050293
-55.13053512573242 37.15483474731445 -7.8544745445251465
-57.25932693481445 43.79680633544922 -15.961729049682617
-53.32457733154297 31.53694725036621 -20.190467834472656
-52.22600173950195 37.189414978027344 -16.815628051757812
-49.73393249511719 49.35050582885742 -22.336170196533203
-27.186506271362305 59.558494567871094 -27.53125762939453
-58.010189056396484 55.75468826293945 -8.146303176879883
-65.39820861816406 5.828778266906738 -23.80718421936035
-68.15489959716797 18.961196899414062 -14.96589469909668
-66.6791000366211 25.399662017822266 -8.175283432006836
-66.38355255126953 25.511810302734375 -0.9921684861183167
-63.49155044555664 27.27883529663086 3.004378080368042
-59.682456970214844 22.233915328979492 11.667668342590332
-53.408756256103516 13.922711372375488 19.753021240234375
-64.86122131347656 15.547142028808594 11.266899108886719
-69.95484924316406 15.095985412597656 1.120084285736084
-71.05155181884766 13.758383750915527 -2.6325833797454834
-67.8350830078125 18.561790466308594 -6.267579078674316
-67.42312622070312 19.88245391845703 -1.321899652481079
-62.58026123046875 19.508302688598633 7.599371910095215
-67.88914489746094 18.12181282043457 -2.854888439178467
-66.95370483398438 18.995437622070312 0.2053072452545166
-63.33207702636719 18.657655715942383 7.523357391357422
-4.452714920043945 -41.0894889831543 -81.50554656982422
-26.391273498535156 -51.96010971069336 -68.69831085205078
-48.78759002685547 -49.27407455444336 -54.89595413208008
-70.75785064697266 -38.42575454711914 -28.382776260375977
-84.21711730957031 -30.791662216186523 -7.570024490356445
-84.02536010742188 -26.02583122253418 10.656554222106934
-77.1562728881836 -29.42174530029297 19.93018913269043
-54.13530349731445 -33.99980926513672 35.01070785522461
-21.611982345581055 -26.788101196289062 53.5845832824707
4.873388767242432 -30.4169979095459 55.44575500488281
23.3427791595459 -21.948471069335938 53.89612579345703
