-30.133317947387695 33.59439468383789 -68.04275512695312
-35.916534423828125 43.141963958740234 -63.24906921386719
-42.99262619018555 46.17166519165039 -51.26054382324219
-46.85871124267578 48.22689437866211 -39.835227966308594
-47.2928581237793 43.12752914428711 -28.795623779296875
-45.298072814941406 39.68192672729492 -39.53090286254883
-42.671775817871094 39.16770553588867 -52.24583053588867
-36.9853515625 35.82024383544922 -61.822898864746094
-21.566675186157227 47.61994934082031 41.03211975097656
-34.483497619628906 47.175567626953125 31.182126998901367
-39.475074768066406 46.94367980957031 21.98856544494629
-41.11623764038086 44.27130889892578 11.826802253723145
-44.98738098144531 46.021209716796875 3.1940348148345947
-44.062686920166016 53.51444625854492 10.989867210388184
-39.06932830810547 55.262508392333984 21.54306983947754
-31.416887283325195 55.37989044189453 32.05443572998047
-32.14203643798828 23.265377044677734 -56.00471115112305
-36.6230354309082 27.324045181274414 -50.58204650878906
-38.515647888183594 30.232088088989258 -44.25192642211914
-37.44293975830078 32.19168472290039 -36.61177062988281
-35.24848175048828 28.61113166809082 -29.35733985900879
-35.241981506347656 25.55695152282715 -36.348388671875
-35.0140380859375 22.517696380615234 -43.36848449707031
-33.400089263916016 22.111642837524414 -48.96470260620117
-27.70762062072754 33.842403411865234 30.5715274810791
-29.580249786376953 30.689725875854492 24.91619300842285
-31.970504760742188 29.656333923339844 19.28737449645996
-32.63446807861328 30.66657066345215 14.002348899841309
-32.88431930541992 31.858856201171875 6.09221887588501
-34.745628356933594 36.08704376220703 13.94417667388916
-35.06632614135742 36.915069580078125 18.654277801513672
-32.81943130493164 35.88639450073242 24.791074752807617
-35.85401153564453 25.75084114074707 -44.30267333984375
-32.93913269042969 33.50596237182617 19.8832950592041
-42.7482795715332 31.407560348510742 -2.108628511428833
-52.091346740722656 10.004534721374512 6.260369300842285
-40.843299865722656 -0.05606283247470856 13.981293678283691
-42.555110931396484 -6.432102680206299 10.214105606079102
-52.27742004394531 -4.98328971862793 3.8037493228912354
-54.173828125 -5.331014633178711 -3.0743350982666016
-59.378883361816406 -4.253485679626465 -13.542885780334473
-46.08389663696289 -10.11495590209961 -17.356311798095703
-46.267059326171875 -3.922219753265381 -24.521833419799805
-55.369083404541016 7.655901908874512 -19.383220672607422
-46.845306396484375 30.86699104309082 -18.507591247558594
-69.42465209960938 6.855895519256592 -4.3129496574401855
-39.21955108642578 -37.21204376220703 -27.965917587280273
-48.901512145996094 -28.855499267578125 -16.12639617919922
-52.13155746459961 -24.466337203979492 -8.03594970703125
-52.07640075683594 -25.94666290283203 -2.3793139457702637
-50.9710807800293 -23.49747657775879 3.8988802433013916
-45.37618637084961 -26.453733444213867 12.291001319885254
-35.62222671508789 -32.814029693603516 22.32681655883789
-46.18741989135742 -35.11851501464844 10.368778228759766
-49.93060302734375 -36.44611358642578 -1.4066720008850098
-48.657142639160156 -37.45534896850586 -12.718274116516113
-48.29936599731445 -31.647289276123047 -12.180570602416992
-49.86301040649414 -30.727575302124023 -2.02005672454834
-46.19384765625 -29.22724151611328 8.028327941894531
-47.87751388549805 -32.81011962890625 -12.025169372558594
-49.23606872558594 -31.701807022094727 -1.8662645816802979
-45.78583526611328 -30.808395385742188 7.800329208374023
38.50201416015625 -44.30763626098633 -76.34911346435547
24.99452781677246 -60.58209228515625 -68.99726104736328
-5.997430801391602 -75.3087387084961 -47.04237747192383
-24.269468307495117 -74.96429443359375 -29.188663482666016
-40.046207427978516 -78.269775390625 -14.020598411560059
-42.898109436035156 -77.62422943115234 2.8706257343292236
-35.8521842956543 -72.50057220458984 21.578781127929688
-14.950332641601562 -65.25860595703125 39.47394561767578
8.493130683898926 -55.491668701171875 51.538509368896484
31.765199661254883 -41.60761260986328 56.720924377441406
42.42947769165039 -25.384971618652344 59.57735824584961
