28.650205612182617 89.93836975097656 29.67047691345215
38.16896057128906 96.35924530029297 22.211383819580078
47.70526123046875 94.46479034423828 12.176383018493652
53.978057861328125 89.5888671875 0.6953868865966797
53.34394454956055 79.96458435058594 -6.927969455718994
47.79096984863281 80.95576477050781 1.4857368469238281
45.779335021972656 85.50898742675781 14.00856876373291
37.8962287902832 87.94213104248047 23.72953224182129
31.855653762817383 60.95437240600586 -80.87080383300781
43.63766098022461 63.50898742675781 -71.8955307006836
49.208396911621094 66.40126037597656 -60.792423248291016
49.72294616699219 70.09998321533203 -47.64565658569336
54.5667610168457 73.36766815185547 -38.367393493652344
57.65219497680664 80.421142578125 -48.28500747680664
51.86591339111328 78.68983459472656 -62.17812728881836
42.9301643371582 74.20659637451172 -75.0005111694336
32.112674713134766 77.4688949584961 19.876182556152344
37.239681243896484 78.62488555908203 12.560322761535645
40.23488998413086 78.54607391357422 7.43218469619751
38.73143768310547 76.45967864990234 2.490060329437256
35.00888442993164 68.89696502685547 -4.336080551147461
36.85966873168945 69.37200164794922 2.7886483669281006
37.763084411621094 69.95148468017578 8.200927734375
36.50477981567383 72.50898742675781 13.760607719421387
36.95462417602539 56.42536926269531 -65.25626373291016
40.44339370727539 55.5109748840332 -58.9355583190918
41.286319732666016 56.28019332885742 -52.582374572753906
39.748046875 58.786865234375 -47.992366790771484
37.275760650634766 60.40958786010742 -39.744285583496094
39.75139617919922 63.522457122802734 -48.05434036254883
43.490840911865234 64.35272979736328 -53.36042785644531
40.85565185546875 61.24571228027344 -58.23414993286133
36.81292724609375 74.8246078491211 7.824659824371338
40.290557861328125 60.50898742675781 -53.43967819213867
46.895931243896484 60.52931213378906 -29.50247573852539
57.86952209472656 31.606111526489258 -28.018421173095703
54.40705490112305 13.508987426757812 -17.439678192138672
53.565494537353516 12.508987426757812 -16.439678192138672
61.69794845581055 15.377984046936035 -22.297744750976562
55.696929931640625 12.152975082397461 -7.568964958190918
59.895957946777344 20.617097854614258 -1.14476478099823
45.44139862060547 22.26558494567871 7.312541484832764
43.6049690246582 30.342058181762695 7.23173713684082
54.058876037597656 37.48451232910156 -1.4396779537200928
45.22534942626953 65.08016204833984 -13.305088996887207
73.52215576171875 26.3893985748291 -11.235466003417969
32.181549072265625 1.8879607915878296 23.18134880065918
44.67543411254883 0.8495485782623291 12.55802059173584
50.85565185546875 2.0329408645629883 9.933608055114746
52.21625900268555 1.3833632469177246 7.663576126098633
54.70839309692383 1.383687973022461 2.778794050216675
54.021690368652344 0.2848195433616638 -4.090308666229248
49.22443389892578 -4.663846492767334 -15.61251163482666
51.6201057434082 -9.106529235839844 -1.751489520072937
49.92924499511719 -8.11028003692627 5.434054374694824
43.14994812011719 -5.77152681350708 14.26602554321289
46.54662322998047 -0.5792924761772156 9.560321807861328
48.52090835571289 -2.4921376705169678 6.189520835876465
50.729270935058594 -3.399035930633545 -1.6607307195663452
44.00284957885742 -1.6473499536514282 11.750959396362305
48.509185791015625 -3.417006492614746 6.983201503753662
51.14692306518555 -4.294726371765137 -1.611352801322937
-42.14434814453125 25.795825958251953 64.6245346069336
-33.05158233642578 1.2033287286758423 63.09549331665039
-8.24962329864502 -22.689767837524414 53.689857482910156
16.479642868041992 -35.38578796386719 33.69115447998047
34.327388763427734 -46.03925704956055 16.651748657226562
43.96858596801758 -49.22977828979492 1.2884750366210938
39.59816360473633 -52.20358657836914 -19.37059783935547
23.558637619018555 -48.77456283569336 -35.09986114501953
-5.192220211029053 -38.25130081176758 -67.43968200683594
-29.508087158203125 -31.523149490356445 -78.26471710205078
-42.34310531616211 -12.510564804077148 -90.37208557128906
