-0.9806439876556396 96.03881072998047 22.35680389404297
4.503322601318359 103.80167388916016 11.26003646850586
13.152656555175781 103.93299102783203 2.3744239807128906
19.200326919555664 100.63734436035156 -6.806454181671143
21.32887077331543 90.55195617675781 -13.038777351379395
17.005939483642578 90.67030334472656 -5.366261005401611
14.681344032287598 95.44029235839844 4.0099616050720215
8.794395446777344 95.80543518066406 14.599924087524414
3.4174702167510986 54.00946044921875 -78.88862609863281
17.67413902282715 62.17512130737305 -67.63121795654297
18.48550796508789 67.80477142333984 -64.71554565429688
20.422000885009766 70.91040802001953 -52.79072952270508
24.15050506591797 77.02932739257812 -45.550201416015625
21.876741409301758 81.21465301513672 -57.57695770263672
18.258281707763672 77.34058380126953 -65.18570709228516
8.340060234069824 69.13946533203125 -77.15776824951172
11.600162506103516 76.0826416015625 16.724552154541016
17.188947677612305 77.39091491699219 8.778390884399414
17.892236709594727 77.04944610595703 1.2579731941223145
16.257959365844727 75.503173828125 -2.5834949016571045
14.512662887573242 70.83455657958984 -8.932757377624512
16.387439727783203 71.09091186523438 -1.6392745971679688
16.707630157470703 69.69091796875 4.506954193115234
15.36644458770752 72.49091339111328 10.03197193145752
13.773483276367188 47.85737609863281 -62.48255920410156
16.462650299072266 48.87733459472656 -56.8665657043457
17.797473907470703 50.55949401855469 -51.69356155395508
17.517589569091797 53.29936599731445 -46.80951690673828
15.818024635314941 59.0156135559082 -40.66661834716797
17.94371795654297 59.376136779785156 -47.710731506347656
19.810718536376953 58.31147003173828 -52.607147216796875
18.9352970123291 53.539695739746094 -57.549720764160156
15.88502311706543 73.19091796875 2.966749429702759
16.88225555419922 54.290916442871094 -52.22926330566406
23.659955978393555 65.3155288696289 -34.61528015136719
40.63810729980469 47.99091720581055 -31.980953216552734
40.75204849243164 36.09091567993164 -22.183494567871094
38.20454025268555 29.024085998535156 -25.450824737548828
46.84205627441406 39.171905517578125 -23.120885848999023
43.94425964355469 35.436954498291016 -14.886774063110352
44.6674919128418 44.050811767578125 -7.500516414642334
35.6413459777832 38.828922271728516 1.7711328268051147
29.81606101989746 44.49091720581055 2.69661283493042
36.526275634765625 53.343414306640625 -7.851015567779541
20.780132293701172 69.98210906982422 -16.790626525878906
57.529483795166016 53.79611587524414 -17.67047691345215
34.515167236328125 17.341720581054688 23.84079933166504
45.29765319824219 21.141908645629883 9.615922927856445
48.917171478271484 23.13846778869629 -3.0375490188598633
49.69057846069336 19.412412643432617 -9.012351989746094
49.38774871826172 19.041645050048828 -13.71412181854248
47.623802185058594 12.159330368041992 -21.353574752807617
40.07667541503906 0.9693569540977478 -28.31138038635254
52.39363479614258 4.590917110443115 -18.739299774169922
54.55415344238281 9.148664474487305 -5.752864360809326
49.79021453857422 14.360495567321777 9.70980167388916
46.81146240234375 17.89091682434082 6.2513108253479
49.702754974365234 14.18880844116211 -6.357869625091553
48.77799987792969 10.378348350524902 -16.444686889648438
46.89344787597656 17.89091682434082 6.150071144104004
49.667945861816406 13.264816284179688 -6.78349494934082
48.75012969970703 10.190916061401367 -16.583494186401367
-35.816017150878906 19.204755783081055 68.60227966308594
-31.650760650634766 -2.8800299167633057 68.38505554199219
5.741227149963379 -9.926724433898926 56.829959869384766
29.87358283996582 -18.29564094543457 41.77726364135742
46.63032913208008 -26.96425437927246 25.59819793701172
55.41715621948242 -30.11327362060547 7.651176929473877
49.07670211791992 -37.464664459228516 -12.139616012573242
37.650882720947266 -40.673858642578125 -18.814373016357422
14.201289176940918 -45.323612213134766 -36.325279235839844
-12.83849048614502 -41.60908126831055 -54.43440246582031
-41.06771469116211 -38.34123611450195 -70.86624908447266
