3.475626230239868 58.09609603881836 62.18122863769531
13.338616371154785 65.08574676513672 59.00244903564453
26.20040512084961 64.04835510253906 52.21375274658203
36.0899658203125 61.74209213256836 44.81311798095703
39.59032440185547 53.025299072265625 37.27762985229492
32.232513427734375 52.60319519042969 43.933013916015625
25.073915481567383 55.601837158203125 52.761322021484375
15.8225736618042 55.31230926513672 59.60503387451172
42.65137481689453 49.07353591918945 -36.975772857666016
50.316078186035156 49.52719497680664 -25.848161697387695
52.26539993286133 50.85955810546875 -14.328631401062012
50.14729309082031 48.36785888671875 -2.7676920890808105
51.73506546020508 50.543643951416016 6.662511348724365
54.74601364135742 58.324432373046875 -2.0325493812561035
53.483638763427734 59.572147369384766 -14.415828704833984
48.83446502685547 58.68944549560547 -28.414443969726562
12.11120319366455 38.160369873046875 55.7301139831543
20.948078155517578 40.22098922729492 52.50423812866211
24.84140396118164 41.194366455078125 47.230472564697266
25.179750442504883 40.89833450317383 41.94670867919922
25.861215591430664 37.092369079589844 33.65642547607422
23.943899154663086 35.42522430419922 41.338008880615234
21.763992309570312 34.2637939453125 46.53937530517578
17.36273765563965 34.86682891845703 51.59109115600586
43.45761489868164 30.568275451660156 -22.307079315185547
44.45357894897461 28.790149688720703 -16.66333770751953
44.324493408203125 29.161073684692383 -8.384598731994629
42.29159927368164 31.145523071289062 -3.4219305515289307
38.47934341430664 34.09361267089844 3.4597203731536865
43.8663215637207 36.6893310546875 -3.1973536014556885
47.352691650390625 36.374549865722656 -7.330428123474121
46.85752487182617 32.17916488647461 -15.070408821105957
22.44919204711914 37.88038635253906 46.94640350341797
45.411903381347656 31.679641723632812 -8.916224479675293
46.16090393066406 35.34088134765625 12.846332550048828
56.27938461303711 9.053977012634277 16.145872116088867
46.95332717895508 -1.9856880903244019 10.455162048339844
47.6903076171875 -9.954266548156738 15.459345817565918
56.931034088134766 -5.255168437957764 22.000097274780273
51.03305435180664 -10.158843994140625 30.288061141967773
51.962711334228516 -3.971482276916504 39.52138137817383
37.08015823364258 -7.209807872772217 38.821441650390625
35.17582702636719 0.6151898503303528 40.27879333496094
46.254581451416016 9.703760147094727 38.599632263183594
37.66171646118164 36.45198059082031 30.1937313079834
69.02714538574219 4.3001580238342285 34.82490539550781
17.782865524291992 -31.42425537109375 50.64983367919922
33.64961242675781 -29.23566436767578 43.58088302612305
42.338279724121094 -27.730907440185547 36.947486877441406
46.17713928222656 -30.28091049194336 31.506122589111328
48.22040939331055 -28.490751266479492 24.902498245239258
46.02277755737305 -30.668535232543945 17.500864028930664
38.479942321777344 -36.34249496459961 4.293182849884033
42.911563873291016 -40.04951477050781 19.153566360473633
40.737884521484375 -39.82756423950195 30.95807647705078
33.000370025634766 -38.390079498291016 43.01673889160156
35.51359558105469 -32.41635513305664 40.52867889404297
42.59952163696289 -34.848751068115234 31.294260025024414
43.86708068847656 -34.211578369140625 21.069580078125
35.32122802734375 -33.62980651855469 40.631038665771484
42.27097702026367 -35.50716781616211 31.482847213745117
43.59458923339844 -35.22929382324219 20.923704147338867
-70.149169921875 -10.665948867797852 65.62931823730469
-60.804195404052734 -35.399478912353516 64.36511993408203
-32.462974548339844 -51.2907829284668 60.46712112426758
-6.797914505004883 -63.19246292114258 54.05552673339844
12.961942672729492 -75.5866928100586 44.4747428894043
26.427518844604492 -78.4088363647461 28.34194564819336
29.317476272583008 -76.15172576904297 11.188033103942871
18.2429141998291 -68.9740982055664 -13.668414115905762
13.310856819152832 -63.28845977783203 -33.926971435546875
-4.828402042388916 -46.76676559448242 -57.16758346557617
-8.644363403320312 -28.062475204467773 -71.5279769897461
