-30.71418571472168 35.97390365600586 -59.07817840576172
-33.1051025390625 45.18692398071289 -56.12549591064453
-37.82744598388672 49.66685104370117 -44.43490982055664
-38.598838806152344 53.00557327270508 -31.38180160522461
-36.84599304199219 48.1221809387207 -21.353464126586914
-37.10267639160156 44.87531661987305 -30.42957305908203
-38.86334228515625 42.81368637084961 -42.14092254638672
-35.75957107543945 38.0190544128418 -52.256431579589844
-3.1064982414245605 60.11570358276367 40.149147033691406
-13.864448547363281 60.18416213989258 33.86845397949219
-20.25066566467285 59.39521789550781 24.984216690063477
-23.837427139282227 55.740726470947266 15.603907585144043
-28.666051864624023 54.937416076660156 8.39548397064209
-26.550012588500977 63.9527587890625 15.175138473510742
-20.223928451538086 68.08931732177734 24.379682540893555
-13.668625831604004 66.6492919921875 32.99701690673828
-31.62441062927246 23.242034912109375 -44.39430618286133
-36.77085494995117 27.8538818359375 -38.90667724609375
-36.145992279052734 31.2786922454834 -32.793087005615234
-33.007328033447266 31.064584732055664 -27.117633819580078
-29.872509002685547 30.1431941986084 -18.627037048339844
-32.78044891357422 25.635597229003906 -26.370563507080078
-33.784847259521484 23.000192642211914 -31.147520065307617
-33.497825622558594 21.615419387817383 -37.62576675415039
-10.245992660522461 41.975059509277344 34.29095458984375
-14.767128944396973 38.6492919921875 30.025785446166992
-18.392356872558594 37.10414123535156 24.731508255004883
-19.528207778930664 38.21427917480469 19.016401290893555
-20.47127342224121 37.94929122924805 11.190956115722656
-21.146799087524414 43.14894104003906 18.675430297851562
-21.120847702026367 44.664188385009766 23.243736267089844
-18.006336212158203 44.692596435546875 30.00737762451172
-34.04599380493164 25.69397735595703 -32.20904541015625
-18.645992279052734 39.82447814941406 23.790956497192383
-30.502824783325195 36.40826416015625 4.217148303985596
-45.05268478393555 15.37797737121582 17.62757682800293
-32.977176666259766 6.985147953033447 21.954181671142578
-36.39518356323242 -0.32142582535743713 21.458629608154297
-47.79631805419922 2.9935951232910156 18.299365997314453
-49.620208740234375 -5.060770511627197 10.595062255859375
-55.282222747802734 -0.6656284332275391 1.892655849456787
-44.0581169128418 -6.580443859100342 -3.675724744796753
-43.83992004394531 -1.8503590822219849 -11.099508285522461
-51.043190002441406 9.958683013916016 -3.5480992794036865
-35.75739669799805 32.62128829956055 -9.429191589355469
-63.93870162963867 9.729925155639648 12.714844703674316
-39.36095428466797 -33.919219970703125 -10.794519424438477
-49.16997528076172 -25.475128173828125 0.10289501398801804
-50.717430114746094 -20.047828674316406 9.163654327392578
-50.01648712158203 -20.379852294921875 14.268529891967773
-47.505584716796875 -17.38207244873047 19.783306121826172
-40.582061767578125 -21.05358123779297 27.91399383544922
-27.742538452148438 -24.13102149963379 35.52791213989258
-41.2523307800293 -28.290002822875977 26.67191505432129
-48.184444427490234 -31.017242431640625 15.884547233581543
-47.89130783081055 -33.647029876708984 3.6479387283325195
-47.490081787109375 -27.605634689331055 4.043619632720947
-47.31601333618164 -24.69785499572754 14.356588363647461
-42.09819030761719 -23.06304931640625 24.14656639099121
-46.8142204284668 -28.337764739990234 4.530627727508545
-46.769344329833984 -25.80750846862793 14.417824745178223
-41.567283630371094 -23.869131088256836 23.705549240112305
27.55400848388672 -44.999168395996094 -66.96504211425781
19.154006958007812 -60.093875885009766 -54.05599594116211
-0.6864650249481201 -70.30635833740234 -37.67144775390625
-18.9130802154541 -73.02507781982422 -18.599943161010742
-32.31159973144531 -72.60050201416016 4.973313808441162
-34.009647369384766 -69.25618743896484 21.35902976989746
-24.381946563720703 -61.383766174316406 36.45018768310547
0.9069914221763611 -53.77223205566406 48.61156463623047
28.444093704223633 -44.40304946899414 53.28893280029297
48.39011764526367 -29.95071029663086 53.376197814941406
56.65314483642578 -12.587255477905273 53.830772399902344
