-24.064781188964844 62.47907257080078 -52.44877624511719
-29.166723251342773 72.81005859375 -50.69746780395508
-35.219970703125 78.50821685791016 -42.605159759521484
-40.6424674987793 83.88167572021484 -31.37053680419922
-40.42211151123047 82.44916534423828 -20.305912017822266
-39.69171142578125 77.34642028808594 -27.48674201965332
-37.17069625854492 72.11796569824219 -39.406288146972656
-32.62914276123047 66.66728210449219 -46.627960205078125
-18.777284622192383 99.5921859741211 40.25674819946289
-27.63707733154297 98.01065063476562 34.028316497802734
-33.22053527832031 96.62078857421875 24.23295021057129
-34.989112854003906 92.28704071044922 15.553679466247559
-39.10482406616211 92.67634582519531 8.483948707580566
-36.98839569091797 101.86799621582031 12.072752952575684
-31.499147415161133 104.97466278076172 21.85144805908203
-25.93790626525879 106.03338623046875 31.131633758544922
-28.042438507080078 59.490177154541016 -37.287559509277344
-33.32133483886719 64.1597900390625 -32.68333053588867
-34.05632781982422 67.95474243164062 -28.819602966308594
-31.724611282348633 69.29448699951172 -24.383516311645508
-30.970260620117188 67.44190979003906 -13.577005386352539
-30.366514205932617 61.46454620361328 -20.1705379486084
-31.19678497314453 59.21194076538086 -25.118385314941406
-30.392911911010742 58.55978775024414 -31.37053680419922
-23.564271926879883 86.9368896484375 34.41349792480469
-27.441383361816406 82.92518615722656 30.31474494934082
-28.945226669311523 80.2597885131836 25.381244659423828
-28.457670211791992 79.38147735595703 20.304035186767578
-27.19808578491211 77.49536895751953 13.310124397277832
-29.80250358581543 85.95069122314453 19.029460906982422
-29.715646743774414 87.052978515625 23.295856475830078
-27.634479522705078 87.931396484375 28.512041091918945
-33.376739501953125 66.08322143554688 -27.406816482543945
-27.56651496887207 85.67532348632812 24.62946128845215
-37.89732360839844 76.40220642089844 5.644677639007568
-53.67374038696289 58.126792907714844 17.087387084960938
-46.34834289550781 49.93265914916992 27.494903564453125
-50.47935104370117 42.989322662353516 25.0718994140625
-57.801334381103516 45.53449249267578 18.167909622192383
-58.249488830566406 38.380489349365234 11.329461097717285
-62.0126953125 39.22407531738281 1.3413608074188232
-51.257652282714844 32.94768142700195 0.20991219580173492
-48.69567108154297 37.76103973388672 -8.231633186340332
-56.35499954223633 50.164085388183594 -4.793432235717773
-40.68391418457031 70.58863067626953 -10.241063117980957
-69.99937438964844 50.8112678527832 8.341739654541016
-49.78079605102539 6.628193378448486 0.8801389336585999
-55.8369255065918 17.139976501464844 7.129461288452148
-58.92531204223633 22.218780517578125 13.138222694396973
-59.85948944091797 22.106409072875977 18.097074508666992
-59.24113464355469 25.39034080505371 22.948728561401367
-56.63547897338867 25.004976272583008 31.011919021606445
-51.30506896972656 21.462610244750977 41.55093765258789
-60.68904113769531 18.91275978088379 31.16671371459961
-64.10475158691406 13.918476104736328 20.99799156188965
-62.2501335144043 10.352486610412598 11.889725685119629
-59.45354080200195 17.259788513183594 15.913859367370605
-59.89533996582031 19.050065994262695 18.638660430908203
-58.39131546020508 21.50921630859375 27.39607048034668
-58.09868621826172 14.156719207763672 11.365938186645508
-60.606109619140625 17.675384521484375 19.82967185974121
-59.18878936767578 20.584148406982422 27.61871910095215
16.533483505249023 -20.073095321655273 -36.331016540527344
-1.2403050661087036 -32.70686340332031 -17.256792068481445
-17.766515731811523 -34.36008834838867 -11.887140274047852
-41.02833938598633 -31.05360221862793 3.25809907913208
-59.48458480834961 -27.21463966369629 21.450571060180664
-63.10480880737305 -23.28476905822754 37.1175651550293
-53.660179138183594 -18.174163818359375 53.013214111328125
-34.625492095947266 -8.070524215698242 71.70697784423828
-8.243867874145508 -2.534851312637329 78.66288757324219
11.90920639038086 8.657904624938965 83.62470245361328
23.56446647644043 23.400291442871094 84.18467712402344
