-50.09615707397461 69.37812042236328 -30.631519317626953
-58.51374435424805 81.81295776367188 -22.569128036499023
-63.33898162841797 83.6124038696289 -13.60544490814209
-67.39324951171875 84.8348388671875 -0.7649022936820984
-66.58387756347656 79.85481262207031 11.340243339538574
-63.99329376220703 76.43547058105469 1.0840392112731934
-62.476036071777344 74.6203842163086 -12.773018836975098
-56.067230224609375 70.91580200195312 -23.8847713470459
-27.340679168701172 91.69650268554688 78.91254425048828
-39.6502799987793 89.9708251953125 73.42899322509766
-49.513179779052734 89.18697357177734 63.55414962768555
-53.62936019897461 85.92522430419922 52.543357849121094
-60.43633270263672 85.9922866821289 43.89802551269531
-58.92926788330078 95.24141693115234 51.672367095947266
-50.563941955566406 98.30807495117188 63.09404373168945
-39.040157318115234 99.00835418701172 72.14458465576172
-50.765533447265625 63.0317497253418 -16.241960525512695
-54.56857681274414 66.79441833496094 -9.959136009216309
-56.23355484008789 67.7307357788086 -4.165489196777344
-54.40241241455078 69.78791046142578 1.908926248550415
-49.496131896972656 66.36837005615234 11.900223731994629
-52.219486236572266 63.199867248535156 2.4654500484466553
-53.205265045166016 60.4853401184082 -2.274991989135742
-53.04267120361328 60.73995590209961 -8.908537864685059
-35.759151458740234 79.99164581298828 68.17012786865234
-40.5432243347168 76.20994567871094 63.80541229248047
-43.24288558959961 73.94091033935547 58.632102966308594
-44.507198333740234 73.859130859375 53.005008697509766
-44.28329849243164 72.5727310180664 44.272064208984375
-45.55023193359375 79.50008392333984 52.166080474853516
-45.05832290649414 79.8985824584961 58.1097412109375
-41.582672119140625 81.28517150878906 62.98539352416992
-53.56809997558594 67.3426513671875 -3.784153461456299
-42.776893615722656 78.94743347167969 58.04859924316406
-57.25022888183594 72.35846710205078 39.11946487426758
-72.0807876586914 52.30431365966797 49.086612701416016
-60.56540298461914 42.038692474365234 54.367576599121094
-64.5772933959961 35.31203842163086 51.780372619628906
-76.2026138305664 38.62897491455078 47.73516082763672
-76.00553131103516 34.435264587402344 38.58612060546875
-82.35602569580078 37.550323486328125 30.54360008239746
-69.63397216796875 30.285818099975586 24.865449905395508
-68.50384521484375 35.474220275878906 19.753978729248047
-77.05702209472656 47.62810134887695 23.536083221435547
-60.731590270996094 68.45601654052734 20.120838165283203
-91.85818481445312 46.38955307006836 39.15938949584961
-69.87254333496094 3.051928997039795 16.52866554260254
-78.88232421875 13.045738220214844 31.42755889892578
-79.8770751953125 18.00489044189453 35.99920654296875
-79.89054107666016 17.801071166992188 43.21794128417969
-77.86796569824219 20.639598846435547 48.94651794433594
-72.27394104003906 17.929643630981445 57.98094940185547
-61.47075271606445 13.5093994140625 67.41080474853516
-74.78755950927734 8.792179107666016 57.16611099243164
-79.15739440917969 6.701781749725342 44.86666488647461
-78.26050567626953 4.571324348449707 31.50444793701172
-77.06188201904297 10.63514232635498 32.52891540527344
-77.48509979248047 13.048641204833984 43.43350601196289
-73.84821319580078 14.899867057800293 53.810550689697266
-76.80874633789062 9.787135124206543 32.874244689941406
-77.45219421386719 12.09986686706543 43.729408264160156
-74.16680145263672 14.256024360656738 53.987308502197266
10.759302139282227 -14.50013256072998 -48.29667282104492
-13.758345603942871 -31.139930725097656 -30.04129981994629
-40.886383056640625 -39.0001335144043 -7.606230735778809
-57.18218994140625 -36.714561462402344 9.21998119354248
-71.40164184570312 -33.26083755493164 32.883968353271484
-73.11759185791016 -27.609481811523438 51.767112731933594
-63.154727935791016 -25.051692962646484 67.64656829833984
-42.02867889404297 -19.60828971862793 86.5496597290039
-15.458172798156738 -10.614615440368652 99.58734893798828
11.577391624450684 1.2659988403320312 106.29721069335938
25.835968017578125 16.62529945373535 108.52233123779297
