-67.5715103149414 38.9146842956543 -48.552730560302734
-77.04705810546875 50.29441833496094 -41.0776481628418
-80.62520599365234 54.70018005371094 -26.869516372680664
-81.25611114501953 57.098846435546875 -11.426338195800781
-76.52725219726562 52.722042083740234 -2.06669020652771
-75.72187042236328 49.035797119140625 -13.115362167358398
-77.26424407958984 44.96986389160156 -25.583274841308594
-73.92684936523438 40.971595764160156 -37.016754150390625
-21.416624069213867 79.15520477294922 52.256080627441406
-38.19505310058594 74.56689453125 49.21258544921875
-48.39164733886719 71.44782257080078 42.188411712646484
-54.86478805541992 67.7965316772461 32.967613220214844
-62.88020324707031 64.79835510253906 26.852149963378906
-60.91118240356445 75.1526107788086 33.45645523071289
-51.234092712402344 80.88728332519531 41.6811637878418
-39.01421356201172 85.06315612792969 48.39561080932617
-64.17816925048828 29.233510971069336 -28.560935974121094
-68.87140655517578 32.831119537353516 -21.870046615600586
-69.57569885253906 36.4017448425293 -15.769535064697266
-65.60962677001953 38.92786407470703 -10.08918285369873
-58.007572174072266 39.29948425292969 -1.9612125158309937
-61.88641357421875 33.823326110839844 -10.052803039550781
-63.716209411621094 30.504703521728516 -14.36160659790039
-63.8540153503418 28.700754165649414 -20.625001907348633
-32.95455551147461 57.23356628417969 45.904109954833984
-37.28165054321289 51.716468811035156 42.8201904296875
-41.022682189941406 49.067291259765625 38.51854705810547
-43.57194137573242 49.009735107421875 33.73187255859375
-46.09712219238281 49.178199768066406 25.692800521850586
-47.42002868652344 54.26765441894531 33.12150955200195
-46.761817932128906 55.89237976074219 38.21125030517578
-41.446311950683594 56.38875198364258 42.97587966918945
-66.52142333984375 33.85017013549805 -14.46146297454834
-43.468624114990234 52.926414489746094 38.992767333984375
-58.64765548706055 46.25431442260742 22.815120697021484
-56.61174392700195 20.041873931884766 36.77643966674805
-41.96124267578125 12.690946578979492 37.25869369506836
-43.339141845703125 4.206974983215332 37.09531021118164
-55.26711654663086 4.400244235992432 37.48468780517578
-57.640140533447266 -3.4060466289520264 30.57818031311035
-66.46314239501953 0.496162474155426 21.672840118408203
-56.33053970336914 -3.46235728263855 23.950651168823242
-57.604061126708984 1.8191802501678467 8.134221076965332
-66.01371002197266 12.046473503112793 15.077718734741211
-65.81895446777344 40.237098693847656 6.793741226196289
-73.58580780029297 7.582864284515381 34.14596939086914
-47.679683685302734 -33.43116760253906 6.908123970031738
-55.057559967041016 -24.107051849365234 18.982452392578125
-55.72911071777344 -18.740230560302734 27.483997344970703
-53.16102981567383 -18.4990234375 33.4813346862793
-49.924156188964844 -15.019070625305176 38.182098388671875
-41.90568542480469 -15.594627380371094 45.19830322265625
-28.167457580566406 -18.515663146972656 51.37367248535156
-42.037506103515625 -23.837535858154297 45.37100601196289
-49.124351501464844 -27.82061195373535 35.212005615234375
-51.50132369995117 -31.425111770629883 22.790748596191406
-52.2495002746582 -25.707590103149414 23.3760986328125
-50.18215560913086 -22.288450241088867 33.65542984008789
-43.76762771606445 -19.10220718383789 41.92496109008789
-51.65388488769531 -26.442617416381836 23.671794891357422
-49.5619010925293 -23.279951095581055 33.88978576660156
-43.35352325439453 -20.210758209228516 41.859230041503906
3.150779962539673 -18.084354400634766 -74.48001098632812
13.703330039978027 -47.33930969238281 -56.04546356201172
-3.5440289974212646 -60.93242645263672 -27.924348831176758
-19.274974822998047 -67.91783905029297 -5.260700702667236
-32.79305648803711 -69.30430603027344 23.58926010131836
-31.083343505859375 -65.0079345703125 38.9010009765625
-19.865360260009766 -59.65823745727539 51.74903869628906
3.061008930206299 -44.38679504394531 60.51179122924805
25.481727600097656 -26.5605525970459 64.93758392333984
46.1793098449707 -3.826366424560547 63.330467224121094
53.49241256713867 25.88743782043457 57.01337814331055
