-41.209110260009766 20.343799591064453 -48.463687896728516
-51.0651969909668 33.32125473022461 -43.9183235168457
-55.10969161987305 40.61063766479492 -30.70588493347168
-55.98030090332031 45.51367950439453 -16.712142944335938
-51.49629211425781 42.043800354003906 -6.179001331329346
-51.05678176879883 36.01934051513672 -16.194103240966797
-54.344215393066406 29.63334846496582 -27.02104949951172
-50.14353942871094 23.508882522583008 -38.87118148803711
-4.394705772399902 54.47960662841797 48.345436096191406
-16.387174606323242 51.345916748046875 45.355228424072266
-27.470394134521484 50.44379806518555 37.89077377319336
-32.22804641723633 49.22166061401367 27.452083587646484
-40.56584548950195 49.888431549072266 20.29829216003418
-38.23042297363281 59.95725631713867 26.835853576660156
-28.545757293701172 62.671504974365234 35.835487365722656
-17.34895896911621 63.96601867675781 43.605735778808594
-42.6385612487793 14.92372989654541 -32.47784423828125
-47.2479362487793 18.644760131835938 -26.15779685974121
-47.69160461425781 21.847450256347656 -19.00619125366211
-44.54421615600586 24.853626251220703 -14.074024200439453
-37.646568298339844 24.543798446655273 -7.567743301391602
-42.051055908203125 18.703208923339844 -15.138593673706055
-43.100032806396484 15.951677322387695 -19.19915008544922
-42.42976760864258 14.04379940032959 -25.0090274810791
-12.876314163208008 40.1131706237793 42.684471130371094
-17.337793350219727 36.122108459472656 40.01821517944336
-20.650251388549805 33.67979049682617 35.032875061035156
-23.45206069946289 33.75131607055664 29.67231559753418
-25.284589767456055 33.88486099243164 22.83226203918457
-26.527637481689453 38.695335388183594 28.3945255279541
-26.11087989807129 40.11040496826172 33.6499137878418
-21.294382095336914 40.612648010253906 40.03392791748047
-43.84421920776367 16.800548553466797 -18.40743637084961
-23.317352294921875 35.046573638916016 33.07968521118164
-37.71011734008789 33.24186706542969 17.51532554626465
-46.764278411865234 9.93076229095459 32.00718307495117
-33.43465042114258 -0.15325835347175598 36.03201675415039
-36.633636474609375 -8.779141426086426 35.634254455566406
-48.99005126953125 -4.591643333435059 32.53580856323242
-48.02410888671875 -14.65619945526123 25.02029037475586
-60.17146301269531 -8.98871898651123 15.980721473693848
-45.84670639038086 -16.94330406188965 9.26051139831543
-47.42436981201172 -10.588576316833496 3.1551477909088135
-56.22908020019531 2.317497968673706 7.479043006896973
-44.37065887451172 27.69208526611328 1.532580018043518
-67.64024353027344 1.7891323566436768 26.584362030029297
-43.87629318237305 -50.58302688598633 7.953464508056641
-48.47853088378906 -41.68767547607422 16.084362030029297
-51.0791015625 -32.58097839355469 25.184362411499023
-48.3655891418457 -32.15620040893555 31.9803466796875
-46.826690673828125 -28.103099822998047 36.81283187866211
-39.23622131347656 -29.263639450073242 43.65645980834961
-26.549449920654297 -32.157108306884766 49.8426399230957
-41.537193298339844 -42.30598831176758 46.34782409667969
-46.24013900756836 -44.21253967285156 36.54070281982422
-49.10118103027344 -51.64707565307617 21.39577293395996
-49.542179107666016 -43.435020446777344 20.605749130249023
-47.49641418457031 -37.511356353759766 32.99850845336914
-41.689090728759766 -34.71561050415039 41.369224548339844
-49.5716667175293 -45.06519317626953 21.078596115112305
-47.48677062988281 -38.97317886352539 33.78200912475586
-42.03640365600586 -36.246864318847656 42.07998275756836
18.923938751220703 -62.02853012084961 -62.266929626464844
-5.580994606018066 -65.99297332763672 -42.986759185791016
-8.766443252563477 -82.71610260009766 -29.579971313476562
-24.01667594909668 -84.2899169921875 -6.867168426513672
-35.555335998535156 -85.78601837158203 20.37393569946289
-31.882923126220703 -82.58224487304688 38.99415969848633
-23.389551162719727 -72.05619812011719 54.05316162109375
-0.18836610019207 -57.91293716430664 64.11235809326172
25.26443099975586 -47.00691604614258 71.68074035644531
50.65578079223633 -33.55619812011719 67.11691284179688
57.5600700378418 -19.68137550354004 69.7701644897461
