-63.83781814575195 132.0837860107422 -45.58240509033203
-70.80197143554688 142.13455200195312 -35.01277160644531
-77.02487182617188 144.59457397460938 -23.574880599975586
-81.19145202636719 142.99761962890625 -11.956914901733398
-79.78217315673828 134.4951934814453 -3.287415027618408
-78.5971450805664 135.13192749023438 -11.406803131103516
-77.77393341064453 135.8253936767578 -23.13380241394043
-73.88288879394531 133.5334014892578 -35.08733367919922
-54.45206832885742 124.2908935546875 71.47874450683594
-65.69648742675781 129.37344360351562 63.366455078125
-71.78903198242188 132.57101440429688 51.27132034301758
-73.59303283691406 132.3509979248047 40.38121795654297
-78.09330749511719 135.87557983398438 32.7192497253418
-76.3076171875 141.7908935546875 42.223793029785156
-70.3484878540039 143.18502807617188 53.63473129272461
-61.7703971862793 139.6603546142578 64.49783325195312
-71.09654235839844 118.8111343383789 -28.832996368408203
-75.28150939941406 122.32469940185547 -22.057525634765625
-75.46501159667969 121.92794036865234 -16.884693145751953
-74.20958709716797 121.41736602783203 -11.3534517288208
-70.37120056152344 115.77735137939453 -2.5491132736206055
-72.39607238769531 114.49089050292969 -11.677396774291992
-73.2222671508789 114.74916076660156 -16.46298599243164
-73.31134796142578 115.44654846191406 -22.036291122436523
-63.4268798828125 114.59953308105469 57.19800567626953
-67.2284927368164 111.01637268066406 50.10618209838867
-68.76582336425781 110.69615173339844 43.97589111328125
-69.21385955810547 112.02181243896484 38.909664154052734
-67.90762329101562 112.89744567871094 31.57874298095703
-71.09125518798828 119.10733795166016 39.86671447753906
-70.82648468017578 118.77729797363281 44.893707275390625
-68.37892150878906 117.50443267822266 49.87809371948242
-73.63967895507812 119.62637329101562 -16.721256256103516
-69.30814361572266 115.49417114257812 44.92368698120117
-76.5892562866211 114.83143615722656 20.552139282226562
-91.87379455566406 91.33866882324219 22.487764358520508
-81.74884033203125 80.24588012695312 26.84400177001953
-84.99114227294922 73.34117889404297 23.751632690429688
-95.5721664428711 80.02220153808594 19.678743362426758
-94.02476501464844 74.44568634033203 10.980266571044922
-99.71659851074219 81.73443603515625 4.129217624664307
-88.18692016601562 75.13400268554688 -1.3277150392532349
-87.7391586303711 82.84859466552734 -5.802760601043701
-95.03553009033203 92.77080535888672 2.0728814601898193
-78.94219970703125 115.77857208251953 6.3590216636657715
-108.27719116210938 89.68022918701172 12.116841316223145
-84.7076187133789 48.84522247314453 -14.533123970031738
-95.69874572753906 54.566287994384766 8.037172665353864e-05
-98.5936508178711 58.74202346801758 4.7240824699401855
-98.73529815673828 56.69809341430664 10.354554176330566
-97.59298706054688 58.32834243774414 16.615703582763672
-91.88592529296875 52.4918327331543 24.919078826904297
-81.47769927978516 45.0123176574707 32.95566940307617
-91.85688781738281 44.13545227050781 21.73489761352539
-96.39579772949219 44.506019592285156 9.843111038208008
-94.10578155517578 44.835166931152344 -1.4753789901733398
-93.78499603271484 52.02272415161133 0.7953888177871704
-95.47284698486328 52.00447082519531 10.022674560546875
-91.86707305908203 51.18059539794922 20.09438705444336
-93.67431640625 49.603912353515625 2.264173746109009
-94.13391876220703 49.390892028808594 9.878744125366211
-91.40518188476562 48.70106506347656 19.464624404907227
0.31637799739837646 50.790889739990234 -65.02125549316406
-13.68570327758789 27.71837615966797 -58.592262268066406
-37.45989990234375 14.55458927154541 -47.68791580200195
-67.04853057861328 9.226150512695312 -31.156517028808594
-84.8105697631836 5.56588888168335 -8.586779594421387
-87.8980484008789 3.954866647720337 6.4812846183776855
-79.2552490234375 2.3747408390045166 22.478744506835938
-56.82167434692383 1.508680820465088 40.28073501586914
-34.50973892211914 12.47695255279541 56.846923828125
-10.963732719421387 26.92584800720215 66.35135650634766
5.597878932952881 45.19089126586914 71.31954956054688
