-21.562021255493164 86.95848083496094 -70.70333862304688
-23.667457580566406 99.4460678100586 -65.73307037353516
-28.803422927856445 105.00347900390625 -53.5155143737793
-30.842483520507812 108.1320571899414 -41.26485824584961
-30.31873893737793 102.99968719482422 -30.980154037475586
-30.496868133544922 99.28498840332031 -40.579261779785156
-30.3160457611084 97.3327407836914 -53.0146484375
-27.264986038208008 92.09881591796875 -63.040802001953125
5.267693042755127 103.78683471679688 33.522342681884766
-5.745750904083252 106.3462905883789 28.974607467651367
-13.735418319702148 108.78419494628906 19.131149291992188
-17.7322998046875 106.37850189208984 8.480916976928711
-22.241870880126953 107.78144836425781 0.847464382648468
-18.19471549987793 116.1504898071289 7.38671350479126
-10.01801586151123 116.95433044433594 18.701223373413086
-0.3639950454235077 113.7055892944336 27.5782470703125
-29.552898406982422 76.27406311035156 -54.496116638183594
-32.5333251953125 82.06490325927734 -47.952266693115234
-31.643110275268555 85.74089050292969 -42.24284744262695
-28.932405471801758 85.42516326904297 -37.31545639038086
-26.807483673095703 82.08354187011719 -28.43678855895996
-28.86639976501465 78.7366714477539 -36.2534294128418
-31.114219665527344 76.82368469238281 -40.87095642089844
-31.567337036132812 75.79147338867188 -47.01245880126953
-10.792786598205566 88.70977783203125 25.881284713745117
-15.298299789428711 86.0737533569336 21.334604263305664
-17.904394149780273 85.13986206054688 15.958253860473633
-18.261493682861328 85.75464630126953 10.405406951904297
-18.58748435974121 86.22467803955078 2.1859371662139893
-18.17520523071289 92.43086242675781 9.834253311157227
-18.49479866027832 93.41688537597656 14.714118957519531
-16.140573501586914 91.96002197265625 20.671527862548828
-31.18965721130371 81.18675994873047 -41.66138458251953
-17.945539474487305 89.43854522705078 15.560139656066895
-28.65121841430664 89.17102813720703 -4.934782981872559
-47.27528762817383 76.55835723876953 9.651911735534668
-39.60082244873047 62.33879470825195 13.360779762268066
-45.1026496887207 55.93672561645508 11.824942588806152
-54.66276550292969 65.29534149169922 7.556305408477783
-57.005828857421875 56.89695358276367 -0.25231415033340454
-60.82966232299805 63.442108154296875 -9.224268913269043
-52.587684631347656 51.21058654785156 -15.39492130279541
-49.458030700683594 55.83946990966797 -22.877548217773438
-54.261383056640625 70.91255950927734 -17.554637908935547
-32.63054656982422 86.99091339111328 -21.01896858215332
-67.47445678710938 75.62423706054688 0.085390105843544
-56.897029876708984 22.93227767944336 -18.672588348388672
-63.51261901855469 35.176788330078125 -10.564738273620605
-65.03923034667969 42.54348373413086 -2.6441781520843506
-65.16756439208984 42.480140686035156 3.6680684089660645
-62.25587463378906 44.479618072509766 9.656373977661133
-57.66191482543945 40.11162567138672 18.67028045654297
-48.52781295776367 31.073759078979492 28.119279861450195
-61.93045425415039 32.07235336303711 18.35027503967285
-68.15599822998047 31.17160987854004 6.67852258682251
-66.83758544921875 27.609920501708984 -5.796268463134766
-64.6649398803711 35.2972526550293 -2.863870620727539
-65.07789611816406 37.23986053466797 4.810305595397949
-59.99155044555664 37.059688568115234 14.694198608398438
-64.56523895263672 33.22422790527344 -3.5425236225128174
-65.28160095214844 35.836605072021484 5.032483100891113
-60.631412506103516 35.870758056640625 14.926627159118652
-2.991546392440796 -8.285375595092773 -74.40242004394531
-11.751323699951172 -19.669841766357422 -58.352317810058594
-29.957683563232422 -20.837560653686523 -43.72739791870117
-50.1751823425293 -19.2215518951416 -24.647239685058594
-65.84658813476562 -16.505632400512695 -1.810089349746704
-68.9265365600586 -12.216940879821777 18.38209342956543
-57.70673751831055 -6.498001575469971 34.45625305175781
-31.750219345092773 -5.790724754333496 47.86823654174805
-6.056610584259033 -1.2589811086654663 53.42103576660156
20.272157669067383 4.545807838439941 57.50899124145508
34.690059661865234 13.928519248962402 58.069705963134766
