25.202011108398438 104.63775634765625 55.090911865234375
34.22410583496094 112.92585754394531 46.6160888671875
43.04339599609375 112.99632263183594 35.465084075927734
48.527427673339844 108.21434783935547 24.25026512145996
48.75080108642578 98.33427429199219 18.293142318725586
43.52165603637695 99.24069213867188 26.899566650390625
42.87268829345703 103.1710433959961 37.20875930786133
36.27003479003906 103.74559020996094 48.424659729003906
24.141618728637695 83.92559814453125 -49.14236831665039
35.318565368652344 88.24468994140625 -42.97187042236328
44.13703918457031 91.52192687988281 -30.558271408081055
44.71610641479492 90.39476013183594 -19.148475646972656
49.1163215637207 92.65692901611328 -9.595298767089844
49.70198059082031 101.43026733398438 -20.715299606323242
43.52759552001953 100.84362030029297 -32.76390075683594
33.13911437988281 96.4406967163086 -44.27064514160156
29.042190551757812 91.22645568847656 46.347694396972656
34.98124694824219 93.25375366210938 39.100738525390625
37.29343032836914 93.4582748413086 33.899566650390625
35.7406005859375 91.18468475341797 29.677894592285156
34.184017181396484 83.8519287109375 22.857887268066406
35.62773513793945 83.78646850585938 30.107919692993164
36.22318649291992 83.8741226196289 35.266143798828125
34.428810119628906 86.2158203125 40.90465545654297
31.42218017578125 73.71659851074219 -34.52921676635742
37.50438690185547 73.08111572265625 -24.707050323486328
38.306339263916016 73.49695587158203 -19.09648895263672
37.0609016418457 74.87535095214844 -14.367297172546387
35.86241912841797 76.45072174072266 -6.846832275390625
37.964752197265625 81.78782653808594 -15.588354110717773
39.03826904296875 82.66056823730469 -21.089685440063477
36.981990814208984 79.6926498413086 -26.75022315979004
35.93233108520508 89.02997589111328 35.188201904296875
37.74726104736328 77.5453872680664 -20.350738525390625
44.9359016418457 78.2406997680664 -0.037918753921985626
54.72004318237305 51.23262023925781 2.01335072517395
48.688209533691406 39.04069900512695 7.299567222595215
47.009727478027344 32.55023956298828 5.745821952819824
57.28141784667969 39.139671325683594 9.024201393127441
54.54695510864258 35.15283203125 16.994779586791992
56.721134185791016 42.201698303222656 23.256980895996094
44.041839599609375 36.703025817871094 28.70020294189453
42.691917419433594 44.71985626220703 30.529775619506836
51.757354736328125 54.062171936035156 23.92392349243164
41.386295318603516 81.32101440429688 15.63528823852539
71.12297058105469 47.679080963134766 14.348957061767578
32.12543487548828 12.230223655700684 45.20669174194336
45.054988861083984 15.480620384216309 34.94428634643555
51.64423370361328 18.879621505737305 26.864423751831055
53.345863342285156 18.03213119506836 20.13564682006836
52.602508544921875 18.567974090576172 14.618709564208984
50.15739822387695 13.667803764343262 14.147015571594238
36.757503509521484 5.318387031555176 1.274254560470581
47.437278747558594 2.935392379760742 12.95043659210205
49.14794158935547 3.1243464946746826 23.84343147277832
43.47441101074219 6.2050275802612305 35.99956512451172
44.42544174194336 13.50833797454834 32.00104904174805
47.29204177856445 12.547703742980957 22.058774948120117
46.607486724853516 11.188459396362305 13.994588851928711
44.30712127685547 12.621222496032715 32.37169647216797
46.83196258544922 10.42474365234375 22.765880584716797
46.0377197265625 9.23163890838623 14.239386558532715
-47.33696365356445 42.54069900512695 77.40825653076172
-35.67488479614258 22.651586532592773 78.33889770507812
-14.597489356994629 1.9406989812850952 73.24502563476562
7.802509784698486 -23.259300231933594 53.829219818115234
22.370553970336914 -28.040794372558594 44.09465408325195
30.447397232055664 -33.000953674316406 28.863014221191406
23.61882781982422 -33.295623779296875 11.382655143737793
5.548511028289795 -30.478588104248047 -9.552485466003418
-11.185688972473145 -22.55929946899414 -26.258859634399414
-32.821319580078125 -6.164586067199707 -39.395751953125
-39.09748840332031 14.540698051452637 -50.3337516784668
