56.91236114501953 69.25997161865234 44.494598388671875
63.3828125 83.12864685058594 36.406551361083984
68.14718627929688 87.07796478271484 20.8558292388916
68.45957946777344 88.1727523803711 1.6894831657409668
64.14883422851562 78.27822875976562 -4.6305646896362305
62.780452728271484 76.92137145996094 6.873847007751465
67.04704284667969 74.94854736328125 19.120845794677734
64.55025482177734 70.92100524902344 34.278350830078125
17.894947052001953 67.48944854736328 -65.57778930664062
31.42620086669922 72.04132843017578 -62.27745819091797
42.332820892333984 74.76566314697266 -53.399600982666016
47.594276428222656 75.34056091308594 -40.38575744628906
54.86791229248047 77.90803527832031 -34.54167556762695
51.55437088012695 86.34632873535156 -43.9661865234375
41.50593566894531 86.47291564941406 -55.532684326171875
28.030691146850586 82.96324157714844 -63.75861740112305
57.911746978759766 61.698482513427734 29.255828857421875
60.27706527709961 66.59848022460938 20.651214599609375
60.04518508911133 68.3322982788086 15.115724563598633
57.955570220947266 68.78361511230469 10.811331748962402
53.062747955322266 61.74470901489258 4.3667168617248535
56.891143798828125 60.87490463256836 10.369263648986816
59.214664459228516 59.59848403930664 15.255829811096191
60.05059051513672 59.821475982666016 20.98735237121582
30.342405319213867 62.00614929199219 -53.25709533691406
36.40608215332031 59.97972106933594 -47.715065002441406
38.924922943115234 59.244651794433594 -43.14915466308594
39.794219970703125 60.281463623046875 -38.52285385131836
42.30475997924805 61.63917922973633 -28.46644401550293
40.214534759521484 68.21754455566406 -39.21518325805664
40.39017105102539 69.04399108886719 -43.93049240112305
36.58722686767578 66.95254516601562 -48.940208435058594
58.96699905395508 64.20043182373047 15.644062995910645
37.093963623046875 64.29932403564453 -44.00419616699219
54.12749099731445 62.39848327636719 -27.104188919067383
65.78767395019531 35.09848403930664 -33.10322189331055
54.55750274658203 21.2514591217041 -36.265621185302734
62.3984260559082 16.505342483520508 -30.31134605407715
70.70140075683594 21.079198837280273 -29.06031036376953
70.29253387451172 12.905035018920898 -19.83444595336914
77.25450134277344 21.639402389526367 -11.899693489074707
65.12835693359375 16.219894409179688 -3.3261399269104004
63.663543701171875 24.443431854248047 0.33393391966819763
71.72191619873047 35.32209396362305 -7.900617599487305
58.279598236083984 62.55210876464844 -8.137484550476074
88.13941955566406 29.342323303222656 -26.784135818481445
65.43331146240234 -15.30151653289795 6.155829906463623
71.65011596679688 -5.893003463745117 -6.444169998168945
73.773681640625 -1.3890055418014526 -15.081323623657227
72.0917739868164 -3.3225977420806885 -22.193857192993164
69.90074157714844 -1.513272762298584 -28.890262603759766
65.0245361328125 -5.3080291748046875 -33.11895751953125
55.187129974365234 -13.98088264465332 -37.705867767333984
68.9828109741211 -14.741826057434082 -32.57613754272461
75.13724517822266 -14.673480987548828 -22.779499053955078
72.3812255859375 -13.901516914367676 -8.467309951782227
70.33819580078125 -8.30897045135498 -10.397561073303223
71.02333068847656 -8.30151653289795 -20.99407196044922
65.74946594238281 -8.365737915039062 -29.317035675048828
70.3828125 -9.296374320983887 -10.171674728393555
71.03654479980469 -9.202150344848633 -21.06885528564453
66.67654418945312 -10.099963188171387 -29.053558349609375
2.0004959106445312 -13.201517105102539 77.59158325195312
9.482813835144043 -38.20227813720703 62.85582733154297
30.264698028564453 -48.74514389038086 43.25178909301758
43.94550704956055 -59.95377731323242 23.619712829589844
62.63657760620117 -66.42791748046875 4.879223346710205
62.18521499633789 -69.49056243896484 -16.944169998168945
57.93939208984375 -70.0199966430664 -22.544170379638672
31.519458770751953 -63.82646179199219 -40.55150604248047
5.7936577796936035 -52.64640808105469 -45.827880859375
-26.161279678344727 -38.75841522216797 -54.744171142578125
-49.31718444824219 -11.101516723632812 -61.15043640136719
