33.48539352416992 49.41071319580078 39.65536117553711
39.83054733276367 58.75645446777344 30.470327377319336
46.40876388549805 58.89751052856445 19.281572341918945
51.17672348022461 55.555755615234375 12.326288223266602
52.27679443359375 46.562198638916016 -1.306706428527832
48.80199432373047 47.253883361816406 9.010616302490234
46.73997116088867 49.82100296020508 19.211956024169922
43.00782775878906 48.662200927734375 29.83818817138672
29.910736083984375 34.41310501098633 -67.22530364990234
39.358673095703125 37.6708984375 -59.670841217041016
45.99708557128906 41.1372184753418 -49.31871795654297
48.82771682739258 41.43427276611328 -36.932064056396484
52.256553649902344 44.3758659362793 -29.052955627441406
50.080360412597656 49.9925422668457 -40.16419219970703
43.86383819580078 49.33770751953125 -52.132328033447266
36.368408203125 46.62413024902344 -61.992042541503906
41.458675384521484 32.089561462402344 29.48356056213379
46.27902603149414 34.74605178833008 21.381404876708984
47.518333435058594 34.93656921386719 15.710172653198242
46.47124099731445 34.367774963378906 11.958065032958984
43.96826934814453 28.090194702148438 4.705832004547119
46.055320739746094 28.036035537719727 11.199188232421875
46.4912109375 27.662200927734375 14.925301551818848
46.17864227294922 28.362199783325195 21.983898162841797
39.375125885009766 21.934112548828125 -52.93594741821289
43.0659065246582 19.890010833740234 -46.53672409057617
44.62760925292969 19.9676570892334 -40.02337646484375
43.55867385864258 21.58542251586914 -35.46378707885742
42.20563507080078 25.0216121673584 -27.864032745361328
43.50181579589844 27.98069190979004 -38.061737060546875
45.749507904052734 28.598962783813477 -41.14980697631836
42.70987319946289 26.307222366333008 -47.13054656982422
45.93704605102539 31.86750030517578 17.132543563842773
42.89537048339844 25.56220054626465 -40.60391616821289
51.405677795410156 28.215194702148438 -21.842411041259766
65.54505920410156 8.192692756652832 -23.93457794189453
57.596134185791016 -4.761695861816406 -21.468738555908203
60.53986740112305 -11.685538291931152 -21.350757598876953
67.19983673095703 -5.296713352203369 -18.287979125976562
66.5313720703125 -9.403338432312012 -10.661216735839844
67.85661315917969 -1.9154539108276367 -3.9092822074890137
58.48805618286133 -7.493395805358887 3.5967578887939453
55.605010986328125 -0.47599491477012634 5.909077167510986
62.77470779418945 8.762200355529785 -1.9919846057891846
49.4319953918457 29.166950225830078 -6.268009662628174
79.34841918945312 4.102450847625732 -14.195935249328613
52.731300354003906 -32.987030029296875 18.558032989501953
63.46738815307617 -27.11199188232422 7.48271369934082
67.67622375488281 -23.015199661254883 -2.2756664752960205
67.94055938720703 -25.397401809692383 -8.39006233215332
67.36791229248047 -23.594322204589844 -10.313142776489258
66.88603210449219 -27.138364791870117 -15.011290550231934
54.8963508605957 -36.674495697021484 -27.415163040161133
65.58617401123047 -36.361637115478516 -17.42276382446289
67.95469665527344 -35.49298095703125 -7.413065433502197
65.84941864013672 -34.11346435546875 6.6018757820129395
64.27155303955078 -28.337799072265625 4.220778465270996
67.38201904296875 -30.23978614807129 -7.5221710205078125
66.45220947265625 -30.43779945373535 -11.764032363891602
64.55867004394531 -29.037799835205078 3.9830729961395264
67.36117553710938 -30.43779945373535 -7.309627532958984
66.45477294921875 -30.720277786254883 -11.755003929138184
-19.759368896484375 -30.459274291992188 59.383506774902344
-5.33351993560791 -47.37248992919922 53.217525482177734
15.754962921142578 -61.18035125732422 43.40529251098633
38.22529220581055 -68.42047882080078 30.71638298034668
54.562904357910156 -75.39614868164062 12.761930465698242
63.34897994995117 -74.02237701416016 -2.9973485469818115
60.079559326171875 -75.42604064941406 -17.744003295898438
39.18052291870117 -72.82170867919922 -33.12627029418945
16.723060607910156 -70.48167419433594 -45.91737747192383
3.636739492416382 -69.40258026123047 -46.1638069152832
-25.74132537841797 -45.13779830932617 -63.44538497924805
