23.69643783569336 139.49388122558594 56.6663818359375
32.16297912597656 151.16114807128906 52.7311897277832
38.19959259033203 156.42648315429688 45.91039276123047
45.275474548339844 158.5264892578125 34.19529342651367
45.14381408691406 151.16883850097656 23.2866268157959
38.13318634033203 150.4110870361328 30.361297607421875
35.5173454284668 147.7410888671875 42.77543258666992
32.04395294189453 145.5791015625 48.49470901489258
42.69388961791992 150.01673889160156 -19.925457000732422
47.54100036621094 154.54855346679688 -17.23084831237793
51.43263626098633 156.86471557617188 -12.291106224060059
50.60710906982422 154.9256591796875 -10.928607940673828
52.535396575927734 156.85858154296875 -4.754702568054199
52.78865051269531 167.227783203125 -6.936915397644043
51.49959182739258 167.86183166503906 -13.48080825805664
50.712196350097656 164.3002166748047 -16.833616256713867
28.399593353271484 134.20315551757812 45.46638488769531
32.496131896972656 139.02163696289062 38.28848648071289
33.299591064453125 140.88021850585938 33.355159759521484
32.91943359375 139.0249786376953 29.716699600219727
34.526397705078125 133.1568603515625 22.354944229125977
33.944435119628906 132.4506378173828 29.00337028503418
33.76341247558594 131.64881896972656 33.61323547363281
32.139259338378906 131.68896484375 39.58961486816406
37.056209564208984 137.9705047607422 -34.73723602294922
39.59959411621094 133.04229736328125 -28.73361587524414
40.33066940307617 132.62648010253906 -24.125171661376953
39.598960876464844 133.49267578125 -19.63456916809082
37.65306854248047 135.8613739013672 -12.211421012878418
41.419395446777344 143.40695190429688 -19.289281845092773
40.90266799926758 143.85276794433594 -25.567068099975586
41.69959259033203 143.4377899169922 -29.43361473083496
33.02889633178711 136.16592407226562 34.044288635253906
38.899593353271484 138.97792053222656 -24.635021209716797
49.251617431640625 139.40103149414062 -3.690844774246216
71.47997283935547 115.1264877319336 -9.310260772705078
63.714263916015625 98.23992919921875 -15.529007911682129
62.891807556152344 92.17200469970703 -7.961817741394043
74.16694641113281 98.86116790771484 -3.177388906478882
68.19383239746094 90.55619049072266 5.095562934875488
71.09959411621094 95.28409576416016 15.273750305175781
56.25342559814453 90.14362335205078 18.879188537597656
52.53689193725586 97.17413330078125 21.394723892211914
63.26683044433594 108.843017578125 18.488414764404297
46.401512145996094 134.2245635986328 13.486224174499512
89.04658508300781 105.44467163085938 5.909485816955566
48.92782974243164 63.51335525512695 28.291566848754883
63.06740951538086 69.80170440673828 19.566383361816406
69.80003356933594 75.55735778808594 10.940591812133789
71.12295532226562 74.39594268798828 5.240122318267822
71.27497863769531 76.72594451904297 -1.172412633895874
69.07199096679688 74.70284271240234 -9.887097358703613
57.799591064453125 68.75272369384766 -20.045318603515625
69.75607299804688 65.51127624511719 -8.005498886108398
70.09317779541016 63.32648468017578 2.9472599029541016
64.18975830078125 62.07423400878906 16.92765998840332
64.09959411621094 67.61186218261719 15.36638355255127
70.72444915771484 71.0264892578125 3.851564407348633
68.49597930908203 71.72648620605469 -6.879834175109863
64.28765106201172 67.5264892578125 15.068042755126953
71.07353973388672 69.66272735595703 4.309210777282715
69.26355743408203 71.01075744628906 -5.969620227813721
-35.44519805908203 70.12848663330078 72.70850372314453
-16.61819076538086 52.3170051574707 63.54015350341797
4.712767601013184 26.159883499145508 40.08245849609375
28.896039962768555 25.785614013671875 28.93088722229004
45.899593353271484 24.050949096679688 13.173466682434082
56.16112518310547 27.841787338256836 0.3977862596511841
55.38544464111328 29.512401580810547 -17.76026153564453
43.79325485229492 30.071514129638672 -23.942764282226562
33.080474853515625 32.526485443115234 -38.48971939086914
-1.8466194868087769 56.880271911621094 -67.65645599365234
-3.1004068851470947 53.526485443115234 -66.01971435546875
