82.23401641845703 121.28719329833984 27.437620162963867
86.8631591796875 132.7691650390625 16.9266300201416
91.53065490722656 137.61314392089844 -0.3733004927635193
91.88956451416016 136.8819580078125 -10.3797025680542
89.66095733642578 127.74561309814453 -18.246660232543945
89.03252410888672 126.06900787353516 -8.738842010498047
90.28866577148438 126.0548324584961 1.0568615198135376
89.70301818847656 122.99998474121094 14.392882347106934
48.01112747192383 121.65766143798828 -72.9738540649414
56.95476150512695 124.32246398925781 -67.52291107177734
64.46471405029297 127.62127685546875 -60.18861389160156
86.90599822998047 126.51830291748047 -27.421977996826172
74.8191146850586 126.2012710571289 -48.57301330566406
73.82416534423828 133.73306274414062 -53.26445770263672
64.59402465820312 135.30921936035156 -61.857486724853516
56.343502044677734 133.8456268310547 -67.77481842041016
87.16004943847656 104.88594818115234 14.778921127319336
91.14897155761719 104.68812561035156 5.116559982299805
86.86817169189453 119.98963165283203 -4.0458550453186035
86.37840270996094 108.65113830566406 -8.611879348754883
81.767333984375 106.69700622558594 -15.521977424621582
85.45848846435547 108.06273651123047 -9.559708595275879
86.01973724365234 97.80628204345703 -2.3430848121643066
84.34169006347656 101.48881530761719 -9.005348205566406
59.10763168334961 106.94992065429688 -67.01927947998047
77.38654327392578 108.18543243408203 -42.75212478637695
66.85305786132812 103.98812866210938 -56.89994812011719
67.32747650146484 104.8335189819336 -50.995052337646484
68.71623992919922 107.43285369873047 -45.659549713134766
67.33665466308594 112.63799285888672 -50.83531188964844
65.65318298339844 115.19795989990234 -58.404296875
65.42233276367188 113.26751708984375 -60.73008728027344
87.48866271972656 100.00373840332031 -2.2219772338867188
65.7253189086914 111.68812561035156 -61.19841003417969
79.11830139160156 108.73448944091797 -42.33441162109375
93.4742202758789 85.653076171875 -51.095733642578125
79.0255355834961 68.41065979003906 -51.36705780029297
85.9803695678711 63.532371520996094 -47.51442337036133
98.21827697753906 71.65646362304688 -48.1925048828125
99.71443939208984 65.19417572021484 -39.29838180541992
104.06024169921875 71.7958984375 -34.044158935546875
91.39421844482422 63.71352767944336 -25.016597747802734
90.45004272460938 70.88446807861328 -20.42239761352539
98.40172576904297 83.70471954345703 -28.155906677246094
85.17164611816406 108.78628540039062 -23.105342864990234
114.67588806152344 80.96687316894531 -46.35517883300781
88.45943450927734 37.79927444458008 -13.081799507141113
93.86186218261719 42.23554992675781 -25.238435745239258
97.5088119506836 48.35395431518555 -34.21202850341797
96.6758041381836 46.272850036621094 -40.00547790527344
94.58023071289062 48.72251892089844 -44.483646392822266
93.6935806274414 43.08812713623047 -40.15679168701172
75.90462493896484 39.99995803833008 -54.35354232788086
93.50245666503906 36.56990432739258 -40.87050247192383
94.14045715332031 34.17900848388672 -38.79572677612305
93.97008514404297 34.395164489746094 -26.110294342041016
92.9558334350586 41.22410583496094 -27.96736717224121
92.9948959350586 41.68812942504883 -37.719791412353516
91.60992431640625 41.68768310546875 -40.69668197631836
93.08770751953125 39.87627029418945 -27.897741317749023
92.29225158691406 40.08131408691406 -37.49311828613281
90.8841323852539 40.53522872924805 -41.246700286865234
23.788663864135742 40.699344635009766 44.57524871826172
31.423738479614258 20.204076766967773 31.5107479095459
53.982913970947266 12.010272026062012 19.48474884033203
69.3207778930664 2.797576665878296 4.568703651428223
75.39775085449219 -4.557409286499023 -17.76567268371582
78.38866424560547 -6.955093860626221 -36.32651138305664
70.15451049804688 -4.295607566833496 -47.35730743408203
48.98866271972656 0.33641812205314636 -52.621978759765625
27.288663864135742 8.985549926757812 -55.74857711791992
24.488664627075195 5.288128852844238 -49.80205535888672
-14.154220581054688 46.58812713623047 -57.521976470947266
