18.293432235717773 109.73084259033203 38.2842903137207
26.264739990234375 116.78072357177734 29.967479705810547
34.59593963623047 117.26421356201172 19.835899353027344
40.843196868896484 113.70234680175781 8.695152282714844
41.54763412475586 104.18829345703125 3.1104867458343506
37.4167594909668 104.25226593017578 10.677888870239258
35.778446197509766 107.93177032470703 21.79112434387207
29.649085998535156 108.86662292480469 32.0894660949707
23.296552658081055 82.80562591552734 -69.53173065185547
34.90530776977539 86.3401107788086 -61.696502685546875
39.947410583496094 91.29148864746094 -50.93795394897461
40.16128921508789 91.63726043701172 -39.072017669677734
44.59244918823242 95.25827026367188 -30.70887565612793
43.789649963378906 102.0662612915039 -42.09459686279297
38.423824310302734 99.6401138305664 -54.930946350097656
31.437376022338867 95.33808898925781 -64.86951446533203
25.951141357421875 93.3401107788086 30.566814422607422
30.99766731262207 95.16788482666016 23.457294464111328
33.11127853393555 95.33856964111328 18.06432342529297
32.45885467529297 93.81676483154297 12.989032745361328
29.78142738342285 88.07704162597656 7.083398342132568
32.28842544555664 87.44940948486328 14.040867805480957
32.7906379699707 88.23775482177734 19.691123962402344
30.61016845703125 90.23048400878906 25.131486892700195
32.36092758178711 72.33592987060547 -51.46036911010742
35.69942092895508 72.09993743896484 -44.8632926940918
36.42269515991211 72.97184753417969 -38.715675354003906
35.364707946777344 73.65047454833984 -33.95005416870117
31.8824405670166 77.88441467285156 -27.090301513671875
35.64023971557617 81.31671905517578 -35.60002899169922
37.03282165527344 80.85910034179688 -40.587379455566406
35.69942092895508 78.0050048828125 -45.482826232910156
31.539823532104492 92.02997589111328 18.987878799438477
35.64821243286133 77.1046371459961 -39.94773483276367
40.97589111328125 81.23734283447266 -19.23421859741211
55.75883865356445 61.094970703125 -14.306963920593262
49.9104118347168 50.28192901611328 -10.408876419067383
49.69942092895508 43.08790588378906 -11.586124420166016
58.55263137817383 51.332786560058594 -7.7335968017578125
55.90153884887695 46.49715042114258 2.070977210998535
56.81653594970703 55.361698150634766 8.412898063659668
45.511070251464844 50.25210952758789 14.849692344665527
42.404720306396484 57.26198196411133 14.604719161987305
50.586307525634766 65.20911407470703 7.397699356079102
38.312042236328125 85.1030502319336 -2.486642599105835
70.1611099243164 60.69982147216797 0.22322160005569458
35.89303207397461 30.75991439819336 33.41092300415039
48.258079528808594 31.740114212036133 20.391124725341797
54.57470703125 34.3984375 11.485898971557617
55.76084899902344 31.947145462036133 5.170775413513184
55.89916229248047 32.59085464477539 -1.3615220785140991
53.915706634521484 28.071895599365234 -6.290581226348877
43.96481704711914 18.6648006439209 -15.533564567565918
55.24076843261719 20.37346649169922 -3.1156084537506104
56.897071838378906 23.056697845458984 7.399828910827637
49.82262420654297 27.54011344909668 20.845155715942383
49.58177947998047 30.258769989013672 17.2194766998291
53.5908088684082 27.609939575195312 7.160949230194092
52.80595016479492 25.36359405517578 -2.9552597999572754
49.61371612548828 29.640113830566406 17.133968353271484
53.50453186035156 26.861562728881836 7.091124057769775
52.42921829223633 24.883466720581055 -2.647167682647705
-34.30057907104492 24.04011344909668 59.40610885620117
-17.95681381225586 14.094710350036621 62.53227996826172
5.740334510803223 1.6655327081680298 63.43146514892578
28.784753799438477 -3.253087282180786 49.47541427612305
45.24287414550781 -10.089407920837402 32.414878845214844
55.38362503051758 -13.634893417358398 20.902372360229492
52.27922058105469 -17.033008575439453 2.122457981109619
35.58464050292969 -20.85141372680664 -15.782137870788574
15.924406051635742 -24.39610481262207 -33.85612487792969
-7.560950756072998 -15.859886169433594 -42.45016098022461
-31.156904220581055 0.2322024255990982 -52.92387390136719
