8.645705223083496 119.62730407714844 17.331026077270508
16.433069229125977 126.51239013671875 8.52666187286377
26.43665885925293 125.82366180419922 -1.1511342525482178
34.69432830810547 121.87197875976562 -12.27588176727295
35.58195495605469 111.45646667480469 -18.58302879333496
30.546796798706055 112.14327239990234 -9.65290641784668
27.038846969604492 116.83780670166016 1.5075253248214722
18.871578216552734 119.03573608398438 11.079262733459473
20.396982192993164 73.85638427734375 -89.929931640625
30.617477416992188 80.29122161865234 -83.01354217529297
36.7487907409668 87.57197570800781 -71.91594696044922
35.96320724487305 91.2889404296875 -58.9503288269043
39.03730010986328 97.17704772949219 -51.42277908325195
40.86324691772461 100.90558624267578 -62.87217712402344
36.12638473510742 95.42182922363281 -75.99706268310547
27.673181533813477 87.36568450927734 -86.87506866455078
15.437299728393555 102.43804931640625 9.153308868408203
20.828397750854492 103.5946273803711 1.7732049226760864
22.97818946838379 102.42189025878906 -2.5053508281707764
23.39703941345215 101.26841735839844 -7.779606819152832
22.202930450439453 94.53685760498047 -14.624704360961914
22.244159698486328 95.33171081542969 -7.018901824951172
22.410816192626953 96.67198181152344 -1.9581621885299683
20.370031356811523 99.37841033935547 3.17427134513855
26.817543029785156 72.40467071533203 -68.04150390625
29.54563331604004 72.08415985107422 -61.80271911621094
30.247425079345703 73.60987854003906 -56.898773193359375
28.596717834472656 76.37197875976562 -53.0917854309082
26.778362274169922 80.57197570800781 -46.73957443237305
29.684127807617188 81.81927490234375 -54.992576599121094
32.298004150390625 81.20487213134766 -58.595184326171875
29.445314407348633 77.09395599365234 -64.61956024169922
20.827192306518555 100.48837280273438 -2.556434154510498
28.92441749572754 77.33496856689453 -59.04380798339844
35.69035720825195 84.65930938720703 -38.272823333740234
52.1014404296875 60.9499397277832 -30.040119171142578
43.09432601928711 47.39939498901367 -32.066043853759766
46.097679138183594 41.4408073425293 -24.062793731689453
54.994327545166016 50.0399055480957 -20.60029411315918
52.67522430419922 47.23324203491211 -11.360177993774414
54.326900482177734 55.96760940551758 -4.905035495758057
41.22292709350586 52.64395523071289 1.5626301765441895
38.549076080322266 60.55674743652344 2.188831090927124
46.94015884399414 69.33792114257812 -6.201682090759277
31.804189682006836 91.40646362304688 -20.617008209228516
69.14630889892578 62.74787902832031 -14.536076545715332
35.93410110473633 33.7995719909668 23.06741714477539
46.964542388916016 35.5232048034668 11.870831489562988
52.61246871948242 36.90032196044922 1.5114781856536865
54.37929153442383 32.7755126953125 -4.600635051727295
54.089115142822266 31.957366943359375 -10.531469345092773
52.45354461669922 25.841949462890625 -16.47161102294922
42.86958312988281 14.428702354431152 -24.596691131591797
54.28150939941406 18.619213104248047 -11.983882904052734
56.738224029541016 22.2612361907959 -0.6494362950325012
49.950748443603516 28.282516479492188 13.354232788085938
48.7397346496582 32.97197723388672 8.267653465270996
52.97877883911133 28.98850440979004 -2.7436506748199463
51.66705322265625 24.52437973022461 -12.130948066711426
49.04324722290039 31.706989288330078 8.607608795166016
52.83009338378906 27.371976852416992 -2.2601780891418457
51.81584930419922 23.523889541625977 -11.660744667053223
-47.90567398071289 51.871978759765625 51.23365783691406
-31.099609375 26.665912628173828 55.62153625488281
-5.9646782875061035 9.230981826782227 52.38568115234375
18.662927627563477 -2.458580493927002 43.894813537597656
38.11094665527344 -13.67709732055664 30.24993896484375
47.63365936279297 -19.54186248779297 14.585906982421875
46.166656494140625 -24.24556541442871 -1.5821360349655151
29.711931228637695 -27.228023529052734 -21.391740798950195
15.038812637329102 -29.971826553344727 -37.26017761230469
-14.814288139343262 -21.650577545166016 -62.4376220703125
-33.90567398071289 -7.00530481338501 -77.1601791381836
