-38.45655822753906 106.4342269897461 -29.4760684967041
-37.95185852050781 115.78994750976562 -22.48735237121582
-36.67317581176758 119.32039642333984 -9.259665489196777
-32.7912712097168 119.65164184570312 2.446298599243164
-27.53138542175293 113.18138122558594 10.607592582702637
-32.658935546875 111.31632232666016 1.9580825567245483
-38.41438293457031 112.0314712524414 -8.16417407989502
-40.289241790771484 108.47882080078125 -20.053377151489258
30.168392181396484 102.39232635498047 49.165767669677734
18.58375358581543 103.6772232055664 49.15601348876953
6.799031734466553 107.2115249633789 44.971649169921875
-0.844304621219635 107.3064956665039 36.961097717285156
-8.063433647155762 111.23238372802734 32.43807601928711
-1.8439967632293701 117.62960815429688 38.856170654296875
9.624436378479004 115.64347839355469 45.0882453918457
21.70970916748047 111.31353759765625 47.90744400024414
-36.46102523803711 92.64729309082031 -17.025253295898438
-37.40363311767578 97.52702331542969 -8.376492500305176
-35.03657531738281 99.27973937988281 -2.721125364303589
-27.90041160583496 99.94776916503906 2.887779712677002
-23.497772216796875 93.82465362548828 5.756341457366943
-28.69270896911621 92.36817932128906 0.7942408919334412
-32.60414505004883 91.05083465576172 -4.1998515129089355
-34.891090393066406 90.52435302734375 -10.215699195861816
16.629159927368164 89.9808120727539 44.038387298583984
10.620247840881348 87.68045043945312 41.9674072265625
5.491800308227539 87.52399444580078 38.78860092163086
1.6486115455627441 89.41886138916016 34.961509704589844
-2.882776975631714 92.40564727783203 29.05008316040039
0.6139412522315979 94.36487579345703 35.38479995727539
3.1430599689483643 93.85526275634766 40.08885192871094
9.400238037109375 91.60771942138672 43.413089752197266
-33.35103988647461 93.40122985839844 -2.874556303024292
5.392396450042725 90.72344970703125 39.50284194946289
-12.666571617126465 96.45082092285156 28.449867248535156
-22.960466384887695 79.218994140625 42.593772888183594
-16.050827026367188 66.56827545166016 40.346832275390625
-20.49593734741211 60.00259780883789 41.33461380004883
-29.28501319885254 68.09197998046875 43.71376419067383
-33.44582748413086 61.6654167175293 35.93521499633789
-40.867759704589844 69.02379608154297 32.03244400024414
-37.80924606323242 59.675498962402344 22.654481887817383
-37.28211212158203 66.1887435913086 18.57802391052246
-38.824466705322266 77.8829116821289 25.295690536499023
-23.81201171875 95.93653869628906 16.345014572143555
-42.08386993408203 78.93973541259766 44.21210861206055
-42.007843017578125 31.021480560302734 13.860352516174316
-44.02073287963867 40.42350387573242 27.305124282836914
-42.16495132446289 46.54298400878906 35.497291564941406
-38.775447845458984 45.05442428588867 41.47128677368164
-33.44617462158203 47.098548889160156 44.41311264038086
-24.3896484375 41.64011764526367 47.797088623046875
-11.814541816711426 31.78193473815918 48.40536117553711
-26.42588996887207 30.94162940979004 47.53689956665039
-36.00040054321289 30.65082359313965 40.84109878540039
-41.236228942871094 30.263839721679688 28.753355026245117
-40.918766021728516 37.21701431274414 30.41156005859375
-35.920387268066406 38.89641571044922 39.231143951416016
-27.97547721862793 38.36214828491211 45.21396255493164
-40.31137466430664 35.996185302734375 30.25764274597168
-35.17571258544922 36.868221282958984 38.940364837646484
-28.22807502746582 36.97322082519531 45.41278076171875
-19.882221221923828 19.09827995300293 -75.43767547607422
-26.16158103942871 0.265154629945755 -59.65739059448242
-34.35610580444336 -4.044914722442627 -41.2735710144043
-40.0745735168457 -6.327388763427734 -6.778785705566406
-38.132328033447266 -6.4342451095581055 19.071626663208008
-30.6134033203125 -5.758317470550537 37.41364288330078
-14.071783065795898 -4.146877288818359 46.513816833496094
14.6405668258667 -2.105910539627075 54.241573333740234
42.018585205078125 0.395317405462265 52.65428161621094
66.77909851074219 6.684668064117432 44.28142547607422
77.0251235961914 21.363224029541016 39.11140823364258
