-61.844600677490234 46.61000061035156 -57.741241455078125
-67.31526184082031 58.43740463256836 -50.320068359375
-68.62718963623047 62.74781036376953 -37.48801803588867
-67.22332000732422 65.38605499267578 -24.33867073059082
-62.92849349975586 61.042640686035156 -14.686905860900879
-65.05106353759766 56.546512603759766 -23.74195098876953
-69.27217864990234 52.807090759277344 -35.97972106933594
-66.77246856689453 49.006675720214844 -47.47203826904297
-17.236326217651367 66.26567077636719 40.13360595703125
-29.126108169555664 65.44258117675781 36.39965057373047
-39.00801467895508 65.42178344726562 28.179353713989258
-43.968421936035156 64.78582000732422 18.15854835510254
-50.899879455566406 65.76519012451172 10.669513702392578
-48.1230583190918 74.67252349853516 17.231000900268555
-39.74705505371094 75.95353698730469 27.097883224487305
-29.27590560913086 75.75460052490234 35.72455978393555
-60.00757598876953 36.28459930419922 -43.19986343383789
-63.406131744384766 39.54258346557617 -35.97972106933594
-63.796146392822266 43.61226272583008 -29.81004524230957
-59.056861877441406 44.739688873291016 -24.213117599487305
-51.8167839050293 43.140892028808594 -17.079723358154297
-57.43186569213867 39.00054931640625 -24.451303482055664
-59.21259689331055 35.7501335144043 -30.097444534301758
-59.73813247680664 34.87269592285156 -36.281333923339844
-24.04460906982422 51.637203216552734 34.34895324707031
-29.257173538208008 48.642581939697266 31.103097915649414
-33.65730285644531 47.01184844970703 26.320276260375977
-35.81695556640625 47.68150329589844 21.217397689819336
-37.73731994628906 48.642581939697266 12.601057052612305
-37.46946334838867 54.029537200927734 19.831562042236328
-37.24262619018555 53.909446716308594 25.029977798461914
-31.745960235595703 52.57705307006836 31.22027587890625
-60.47589111328125 38.659664154052734 -29.162643432617188
-34.49701690673828 50.2010612487793 26.320276260375977
-50.07172393798828 48.43397521972656 6.680730819702148
-60.05412673950195 28.30992317199707 21.42027473449707
-46.45879364013672 18.40414047241211 22.129060745239258
-49.95454025268555 10.250313758850098 21.078060150146484
-63.56319808959961 15.318304061889648 19.994403839111328
-66.00141906738281 7.551246166229248 11.680315017700195
-75.69647979736328 12.799088478088379 4.579946994781494
-63.27170944213867 5.333096981048584 -1.5153969526290894
-64.37217712402344 10.731925010681152 -10.946160316467285
-72.85308074951172 23.47418212890625 -2.464510679244995
-57.81525421142578 45.47962188720703 -7.705811500549316
-82.55050659179688 21.485477447509766 17.05860137939453
-57.64091491699219 -22.428972244262695 -13.359479904174805
-66.17797088623047 -15.9264497756958 -0.8001994490623474
-65.98632049560547 -10.848827362060547 10.343852043151855
-63.22942352294922 -11.900467872619629 15.9596586227417
-60.94013595581055 -8.972963333129883 21.69586753845215
-52.27180862426758 -10.597862243652344 29.195547103881836
-36.618587493896484 -15.352521896362305 32.88502502441406
-53.606666564941406 -18.51341438293457 27.993101119995117
-62.61216354370117 -20.975709915161133 17.283435821533203
-64.26097869873047 -23.99894905090332 2.785020112991333
-64.02903747558594 -17.923215866088867 4.435734272003174
-61.853084564208984 -15.757413864135742 15.82027530670166
-54.635440826416016 -14.283321380615234 24.92027473449707
-63.55885696411133 -18.898744583129883 4.658644676208496
-61.97315216064453 -16.453401565551758 15.8279447555542
-54.435821533203125 -14.843505859375 24.84515380859375
4.498290061950684 -36.05741500854492 -84.27972412109375
-7.864774703979492 -53.22452926635742 -67.81260681152344
-39.17218017578125 -65.6580810546875 -21.97972297668457
-45.17007827758789 -62.92152404785156 -10.409388542175293
-55.018070220947266 -66.44257354736328 5.117185115814209
-53.14058303833008 -63.876155853271484 23.010744094848633
-41.42818069458008 -60.91957092285156 35.89228820800781
-16.711782455444336 -51.163055419921875 43.33726119995117
10.164462089538574 -41.177398681640625 48.0677375793457
32.135215759277344 -29.137725830078125 47.7139892578125
48.51012420654297 -12.303722381591797 47.137794494628906
