-39.84747314453125 30.4508113861084 -56.30004119873047
-47.60231399536133 41.58028793334961 -51.42577362060547
-55.35026550292969 46.01762771606445 -41.087379455566406
-61.01417922973633 47.90040588378906 -28.23341178894043
-60.50734329223633 42.014915466308594 -19.006303787231445
-58.17665481567383 39.27584457397461 -27.371047973632812
-55.605995178222656 38.31808090209961 -39.286476135253906
-49.13372039794922 32.94952392578125 -49.247440338134766
-36.955589294433594 58.73002243041992 51.72197341918945
-47.45124816894531 55.652286529541016 44.012298583984375
-54.29505157470703 55.177127838134766 33.64169692993164
-56.206031799316406 50.27048873901367 23.351457595825195
-60.14287185668945 50.28372573852539 13.8330659866333
-59.88625717163086 60.48810577392578 20.443811416625977
-53.825435638427734 64.6396484375 32.31357955932617
-44.70378875732422 65.77220916748047 42.63798522949219
-44.39773178100586 24.144317626953125 -40.845481872558594
-50.429264068603516 28.36174201965332 -36.16305160522461
-51.025211334228516 30.542224884033203 -31.854537963867188
-48.81867218017578 31.835880279541016 -25.728742599487305
-48.111270904541016 28.1841983795166 -18.28118324279785
-48.62131118774414 26.237524032592773 -26.76693344116211
-50.51344680786133 23.57950210571289 -31.45766830444336
-48.081398010253906 22.823545455932617 -36.92507553100586
-41.66751480102539 44.17953872680664 41.88729476928711
-46.414730072021484 41.17839431762695 37.04275894165039
-49.60901641845703 38.27876663208008 32.65562057495117
-49.73777770996094 38.3442497253418 28.08561897277832
-48.702571868896484 37.32645034790039 20.01085662841797
-50.988555908203125 43.553871154785156 27.392230987548828
-50.256595611572266 45.17640686035156 30.943445205688477
-48.13532638549805 45.18105697631836 36.454017639160156
-47.0519905090332 26.743526458740234 -31.785518646240234
-49.41136932373047 42.93104934692383 32.39434814453125
-55.30035400390625 35.11079406738281 8.358753204345703
-65.61354064941406 13.259759902954102 16.548707962036133
-53.82109069824219 7.159415245056152 25.788623809814453
-57.15080642700195 -1.1689480543136597 23.25727653503418
-67.45321655273438 1.4952192306518555 15.661654472351074
-66.70146942138672 -5.907473087310791 9.139849662780762
-72.91805267333984 -4.095968723297119 2.4296770095825195
-59.57024383544922 -7.468947887420654 -3.942983388900757
-59.98154830932617 -1.1689480543136597 -6.03410005569458
-68.6408462524414 8.894126892089844 -5.869135856628418
-57.09703063964844 30.587059020996094 -8.472625732421875
-82.93314361572266 6.238583564758301 7.973491191864014
-46.05400466918945 -31.753170013427734 -9.371172904968262
-60.345787048339844 -24.84565544128418 0.3172621428966522
-63.1396598815918 -20.979623794555664 7.043741226196289
-62.90727996826172 -21.338964462280273 12.690101623535156
-62.863258361816406 -18.5299015045166 18.34012222290039
-57.209938049316406 -20.926340103149414 26.84282875061035
-43.19318771362305 -18.797643661499023 38.46272277832031
-57.29096984863281 -27.41416358947754 26.721088409423828
-60.52204513549805 -30.45231056213379 14.767892837524414
-59.92369079589844 -31.241744995117188 8.06137466430664
-59.00664520263672 -26.4461669921875 3.0323445796966553
-60.554508209228516 -25.037303924560547 13.51307487487793
-57.76914978027344 -22.74407958984375 23.489248275756836
-58.747867584228516 -26.866233825683594 5.309055805206299
-59.854454040527344 -25.543428421020508 13.76651668548584
-57.66911697387695 -23.058120727539062 23.58074378967285
35.58346939086914 -42.82160949707031 -51.21664810180664
14.979005813598633 -59.501129150390625 -41.850040435791016
-6.863400459289551 -67.99285125732422 -28.711912155151367
-35.04526901245117 -66.6192626953125 2.757244825363159
-47.98554611206055 -67.05583953857422 13.874554634094238
-51.503135681152344 -64.85514068603516 23.427791595458984
-45.28590774536133 -59.65574645996094 37.85404968261719
-28.39228057861328 -48.84406661987305 53.92341232299805
-8.30006217956543 -45.96894836425781 69.86051940917969
11.833634376525879 -27.871601104736328 79.35588073730469
25.45176124572754 -7.690125942230225 81.45643615722656
