58.131832122802734 99.09017181396484 63.47432327270508
67.06529998779297 110.07307434082031 57.572750091552734
75.74823760986328 113.26775360107422 44.20951461791992
79.40465545654297 114.01912689208984 30.793310165405273
74.60225677490234 107.3818130493164 20.464082717895508
71.02912902832031 105.4527816772461 29.956016540527344
70.96078491210938 103.46194458007812 41.673397064208984
66.45111846923828 99.18035125732422 54.11124038696289
33.515140533447266 114.40399169921875 -50.158470153808594
47.553524017333984 113.75951385498047 -42.96919631958008
57.237831115722656 115.79998016357422 -33.33831024169922
61.641666412353516 113.55120849609375 -22.177356719970703
68.78216552734375 113.82085418701172 -15.129471778869629
67.80184936523438 123.229736328125 -24.656084060668945
60.28306198120117 125.87217712402344 -34.4410400390625
45.686763763427734 126.19320678710938 -44.943199157714844
58.889320373535156 88.11912536621094 48.314727783203125
63.776302337646484 92.41686248779297 40.056541442871094
64.69500732421875 94.70377349853516 34.68424987792969
64.07733917236328 94.4908218383789 30.74517822265625
59.09400939941406 93.01912689208984 23.14406967163086
60.92952346801758 88.40196990966797 29.84276580810547
62.555782318115234 86.5850601196289 34.46760177612305
62.43018341064453 86.52418518066406 40.45212173461914
44.63287353515625 100.99121856689453 -36.63898468017578
47.76646423339844 97.18425750732422 -30.537975311279297
49.960784912109375 94.81957244873047 -26.660554885864258
50.422340393066406 94.19129180908203 -20.566797256469727
53.710601806640625 97.23542022705078 -12.07609748840332
52.28544616699219 103.51912689208984 -21.78438377380371
52.958351135253906 104.79483795166016 -26.39748191833496
51.12861633300781 103.3032455444336 -30.673452377319336
62.43415069580078 91.39543914794922 35.447200775146484
51.901397705078125 102.81912994384766 -25.906822204589844
64.41949462890625 96.64256286621094 -9.19561767578125
74.75511932373047 66.67346954345703 -20.19300651550293
68.16078186035156 52.65871047973633 -18.79700469970703
71.1864013671875 44.421295166015625 -17.855804443359375
76.51536560058594 49.765907287597656 -17.417797088623047
76.18830108642578 43.761962890625 -9.039424896240234
81.8771743774414 48.384334564208984 -0.7317987680435181
68.0196762084961 45.41912841796875 8.744483947753906
66.76078033447266 52.79650115966797 12.151718139648438
78.22598266601562 62.83318328857422 5.248945236206055
66.75464630126953 92.88226318359375 10.280168533325195
95.94970703125 55.45976257324219 -14.458088874816895
56.097042083740234 17.203691482543945 19.002994537353516
65.19771575927734 21.496952056884766 6.6144938468933105
70.71821594238281 26.998422622680664 -2.9443519115448
69.0938949584961 26.3812313079834 -9.564276695251465
68.7906723022461 28.73186492919922 -14.383359909057617
64.22432708740234 27.054086685180664 -22.2216796875
60.70115661621094 23.708486557006836 -16.873205184936523
62.0667724609375 17.567136764526367 -21.1663818359375
67.18115234375 14.224404335021973 -10.273618698120117
65.03229522705078 14.994363784790039 5.688878059387207
63.895896911621094 20.59425163269043 2.7377536296844482
65.13751983642578 23.087499618530273 -7.791923999786377
62.34638977050781 24.82546615600586 -17.166358947753906
63.62046813964844 19.519128799438477 2.735982656478882
65.08462524414062 20.501171112060547 -7.90703821182251
62.441566467285156 22.141822814941406 -16.385112762451172
-12.849579811096191 29.927873611450195 79.20299530029297
-6.096270561218262 4.730559825897217 63.67347717285156
12.903125762939453 -10.735647201538086 45.38811492919922
30.735088348388672 -19.689373016357422 27.476688385009766
42.01593017578125 -25.815574645996094 5.576456546783447
46.97665786743164 -24.758403778076172 -11.027128219604492
42.48337936401367 -23.856056213378906 -18.970369338989258
28.260784149169922 -22.029800415039062 -23.526336669921875
11.569316864013672 -24.777687072753906 -20.967151641845703
-13.039215087890625 6.2191290855407715 -46.76561737060547
-31.895408630371094 41.17531967163086 -53.52597427368164
