36.33827590942383 99.40673828125 31.879302978515625
42.358829498291016 108.61222076416016 24.16553497314453
49.46805191040039 110.96526336669922 13.196223258972168
53.425235748291016 109.90443420410156 0.25656163692474365
53.57742691040039 102.089111328125 -7.4680399894714355
51.8237419128418 100.61720275878906 1.4334686994552612
51.49930191040039 101.92407989501953 13.242351531982422
45.56647491455078 100.20668029785156 24.248933792114258
29.60007667541504 90.05604553222656 -73.03971862792969
40.70502471923828 93.0324935913086 -65.6598892211914
48.184104919433594 96.36155700683594 -53.99323654174805
48.94859313964844 97.33268737792969 -42.168033599853516
53.22622299194336 100.34454345703125 -34.54031753540039
51.89358139038086 106.8399429321289 -43.164100646972656
47.80958938598633 104.75377655029297 -53.88091278076172
36.45098876953125 102.0970687866211 -67.48590087890625
41.777915954589844 88.21540832519531 20.020593643188477
45.90420913696289 91.27261352539062 12.414386749267578
47.476078033447266 92.47872924804688 7.302859306335449
46.472415924072266 91.28070831298828 3.1296167373657227
43.93183517456055 84.96694946289062 -4.065824031829834
45.984439849853516 84.80667877197266 2.74235200881958
46.708248138427734 84.23672485351562 7.3776164054870605
45.62114715576172 85.32984161376953 12.719183921813965
36.82356643676758 82.55506896972656 -58.67872619628906
42.64896011352539 80.42658233642578 -51.06787872314453
44.05760192871094 80.07050323486328 -46.11976623535156
43.60403823852539 80.60668182373047 -41.1474723815918
41.65812683105469 81.8095474243164 -33.398712158203125
44.248294830322266 88.76664733886719 -41.95096206665039
45.69996643066406 88.2261734008789 -45.83893585205078
43.81559371948242 87.4599609375 -51.01808166503906
45.463768005371094 88.60441589355469 7.902670860290527
42.3167724609375 84.2047119140625 -46.02886199951172
50.81919860839844 83.98687744140625 -28.312454223632812
66.45365142822266 59.303985595703125 -32.53982925415039
57.90850830078125 47.26884460449219 -37.14017868041992
61.504913330078125 40.12712860107422 -30.009559631347656
70.2721176147461 46.00909423828125 -27.91057014465332
68.898681640625 40.87626647949219 -19.65764808654785
71.79393768310547 46.9331169128418 -11.24028205871582
60.12429428100586 41.99152755737305 -3.318329095840454
57.69834899902344 50.12910461425781 -1.2452934980392456
65.59363555908203 59.64882278442383 -8.589510917663574
50.0023078918457 84.22614288330078 -13.834152221679688
83.90031433105469 54.06471252441406 -22.481014251708984
59.3299674987793 19.00667953491211 9.543122291564941
67.55657196044922 23.906679153442383 -1.9334051609039307
71.81919860839844 27.143184661865234 -11.70603084564209
72.72486114501953 25.662012100219727 -18.27139663696289
71.91645050048828 27.190038681030273 -23.749759674072266
69.35871124267578 22.909555435180664 -29.372817993164062
59.013118743896484 14.827829360961914 -40.00859832763672
72.26871490478516 14.294265747070312 -26.02168846130371
72.97886657714844 13.833353042602539 -17.7324275970459
70.41919708251953 17.606679916381836 -3.4239540100097656
68.30448913574219 21.806678771972656 -6.075972557067871
71.1386489868164 21.106679916381836 -17.386611938476562
68.42620849609375 20.623781204223633 -27.587509155273438
68.4688720703125 21.528076171875 -5.97252893447876
71.25865936279297 20.406679153442383 -17.320404052734375
69.90354919433594 20.37721824645996 -23.530920028686523
-17.736347198486328 26.706680297851562 66.04012298583984
-2.3862359523773193 -1.7888095378875732 60.86307144165039
28.347131729125977 -11.926287651062012 45.72930145263672
48.29314041137695 -17.584434509277344 25.435243606567383
59.45899200439453 -27.877084732055664 3.442352056503296
66.75777435302734 -28.0439395904541 -13.31004524230957
63.54835891723633 -28.601314544677734 -24.329936981201172
40.27628707885742 -26.420440673828125 -45.0519905090332
19.868444442749023 -26.680086135864258 -64.66028594970703
-5.379398822784424 -16.571340560913086 -78.11893463134766
-35.130577087402344 10.170836448669434 -81.81187438964844
