26.769445419311523 100.11746215820312 58.42477035522461
35.399871826171875 110.2203140258789 50.77771759033203
45.34663772583008 110.70498657226562 39.892147064208984
53.30323028564453 109.58544921875 28.270748138427734
53.60204315185547 99.97991180419922 18.140188217163086
47.44646453857422 99.46527862548828 28.217180252075195
44.590797424316406 99.92293548583984 38.69418716430664
37.766422271728516 98.64375305175781 50.877376556396484
33.633731842041016 88.56977081298828 -61.07185363769531
45.481056213378906 92.90745544433594 -49.8959846496582
50.20951461791992 97.43038940429688 -38.28388595581055
51.28742599487305 96.26560974121094 -26.634002685546875
56.31325912475586 98.40937042236328 -17.564544677734375
57.29375457763672 107.92790222167969 -27.69414520263672
51.015899658203125 107.68621826171875 -39.3132438659668
43.271358489990234 104.00084686279297 -52.98533248901367
31.608728408813477 83.87211608886719 45.774322509765625
37.71531677246094 86.71394348144531 38.62610626220703
40.03609848022461 86.48543548583984 33.24897384643555
40.408939361572266 86.4886474609375 28.241863250732422
38.82632827758789 81.92353820800781 19.195476531982422
38.69384765625 80.97746276855469 27.006650924682617
37.9478645324707 80.0854721069336 33.12703323364258
35.91935348510742 81.1703872680664 38.91361999511719
41.36180877685547 78.6231460571289 -37.217994689941406
42.087039947509766 77.24647521972656 -34.922176361083984
42.56614303588867 76.4872817993164 -28.232280731201172
42.556549072265625 75.82949829101562 -22.725669860839844
41.372859954833984 79.87422943115234 -15.290477752685547
44.6573600769043 85.35417938232422 -24.2668399810791
45.91091537475586 86.02775573730469 -29.687694549560547
44.80418014526367 83.08673095703125 -33.7488899230957
37.526039123535156 85.08631134033203 33.29020690917969
43.45594024658203 81.4367904663086 -29.409881591796875
50.95325469970703 80.62066650390625 -5.228264331817627
63.18890380859375 53.170387268066406 -9.268440246582031
53.18105697631836 42.07322311401367 -17.237369537353516
55.04655838012695 35.670387268066406 -10.91076374053955
64.37487030029297 35.039554595947266 -5.964735507965088
59.97176742553711 33.20917892456055 6.341494560241699
63.18508529663086 37.43876647949219 17.42966651916504
50.7289924621582 39.65187072753906 23.122529983520508
48.16029739379883 47.02889633178711 25.00401496887207
58.29711151123047 54.41303634643555 17.56439971923828
48.181087493896484 80.91516876220703 9.121211051940918
80.26190185546875 42.10097885131836 7.806146144866943
43.20263671875 13.970385551452637 32.0040168762207
50.6298942565918 19.71027183532715 21.80126190185547
56.21694564819336 20.659194946289062 13.380199432373047
57.48164367675781 18.822986602783203 6.210390090942383
58.07008361816406 20.452285766601562 -0.43558624386787415
54.43457794189453 18.860157012939453 -7.871326446533203
45.681400299072266 13.38787841796875 -16.616374969482422
56.819488525390625 10.660032272338867 -5.702319145202637
58.98151779174805 9.990058898925781 6.104014873504639
53.88105773925781 12.748644828796387 20.556882858276367
52.0086669921875 17.0449275970459 17.40993881225586
56.28767776489258 16.129302978515625 6.862934589385986
53.983184814453125 15.84453010559082 -4.035514831542969
52.481056213378906 16.577686309814453 17.079925537109375
56.395835876464844 16.070384979248047 6.214211940765381
54.93152618408203 15.07732105255127 -3.610135078430176
-35.71894454956055 24.859437942504883 71.548095703125
-20.31894302368164 2.3055996894836426 66.53529357910156
5.652425765991211 -14.257803916931152 58.27277755737305
25.762853622436523 -24.71054458618164 42.5040168762207
43.38105773925781 -32.45124435424805 25.29058074951172
53.41925811767578 -31.407209396362305 11.004015922546387
50.05406951904297 -30.588863372802734 -5.422972202301025
33.838470458984375 -27.550378799438477 -23.669879913330078
16.53032875061035 -15.35755443572998 -47.68452453613281
1.843207597732544 -10.529614448547363 -51.63132095336914
-28.629560470581055 12.481001853942871 -65.70944213867188
