45.322811126708984 132.4231719970703 47.8888053894043
56.939414978027344 137.23358154296875 37.95459747314453
66.88423919677734 134.31871032714844 26.189983367919922
73.08116912841797 130.1668701171875 14.813128471374512
72.60950469970703 120.51072692871094 5.6235456466674805
67.91928100585938 121.09092712402344 15.77935791015625
66.6031723022461 125.40792846679688 28.197301864624023
60.038326263427734 128.3633575439453 38.01242446899414
32.57707977294922 93.59424591064453 -65.81023406982422
49.55157470703125 97.72659301757812 -59.087215423583984
59.36648941040039 102.75226593017578 -49.40907287597656
62.95294189453125 105.62784576416016 -36.28725051879883
71.83476257324219 112.3343734741211 -21.884599685668945
68.99563598632812 114.83373260498047 -39.50281524658203
59.13291549682617 111.68116760253906 -53.051536560058594
45.56598663330078 106.25047302246094 -63.00787353515625
53.64569854736328 112.33031463623047 38.39312744140625
58.86616134643555 111.43317413330078 29.992082595825195
59.94832992553711 110.01016998291016 24.309717178344727
61.74342727661133 108.29811096191406 19.78184700012207
57.898468017578125 103.87132263183594 13.800323486328125
59.06879425048828 103.24165344238281 21.103012084960938
58.887779235839844 103.11296081542969 26.995647430419922
58.20740509033203 105.65657806396484 33.324554443359375
55.5409049987793 92.66954040527344 -33.046634674072266
50.974761962890625 83.81718444824219 -42.307979583740234
53.258155822753906 86.10354614257812 -36.0529899597168
53.486270904541016 88.28443145751953 -31.923667907714844
53.400596618652344 93.31942749023438 -23.62030792236328
55.43259811401367 93.0234146118164 -32.72031021118164
57.570377349853516 93.14227294921875 -37.979427337646484
55.02689743041992 88.67240905761719 -45.320308685302734
60.14719772338867 107.59140014648438 25.24928855895996
54.12638854980469 94.20897674560547 -29.220308303833008
65.30931854248047 97.19317626953125 -16.421016693115234
78.39384460449219 75.53763580322266 -15.177460670471191
68.64707946777344 61.49687576293945 -16.2086181640625
72.31990051269531 56.72068786621094 -8.451286315917969
82.47476196289062 62.73658752441406 -6.995251178741455
82.11700439453125 61.03298568725586 3.9606223106384277
83.76956939697266 69.09246826171875 9.38888931274414
73.62261962890625 64.57911682128906 19.531911849975586
70.54698181152344 72.78631591796875 21.527084350585938
78.65872955322266 82.87613677978516 12.999237060546875
64.62760162353516 102.53031921386719 3.4813191890716553
95.82127380371094 75.43942260742188 -1.730758547782898
72.11134338378906 40.375797271728516 37.76860046386719
79.4232406616211 43.730316162109375 24.752216339111328
84.99657440185547 46.127113342285156 15.228096961975098
85.15634155273438 44.50787353515625 8.01797866821289
84.3794937133789 44.1843376159668 1.9188315868377686
78.86167907714844 37.29639434814453 -3.1321041584014893
67.564697265625 27.49062728881836 -10.413002967834473
79.75218963623047 27.988988876342773 0.3200932741165161
81.65657806396484 30.160503387451172 12.350525856018066
80.77948760986328 34.87576675415039 26.731779098510742
77.75164031982422 41.329444885253906 21.744077682495117
80.18196105957031 37.975643157958984 11.128985404968262
77.19939422607422 35.607208251953125 2.1517210006713867
78.43881225585938 40.259944915771484 22.06537437438965
79.38072967529297 36.28486251831055 11.344927787780762
77.702392578125 33.84993362426758 2.190378427505493
-14.94571590423584 70.57767486572266 88.36811065673828
1.5737411975860596 44.79627990722656 86.71512603759766
28.859745025634766 22.97012710571289 77.78802490234375
48.282012939453125 5.1374053955078125 61.469871520996094
64.92301940917969 -8.381690979003906 38.32596206665039
71.90740203857422 -10.098405838012695 26.333864212036133
66.30110168457031 -14.810436248779297 8.066643714904785
45.93002700805664 -15.38392448425293 -9.065042495727539
25.015501022338867 -12.80427360534668 -24.384748458862305
9.558972358703613 -9.469680786132812 -29.92030906677246
-25.258230209350586 19.561321258544922 -52.93817138671875
