39.23518371582031 120.99889373779297 54.82231140136719
50.3593635559082 126.97394561767578 46.508140563964844
59.64479064941406 126.50476837158203 36.252986907958984
66.74217224121094 121.95353698730469 24.434974670410156
66.62638854980469 111.81378936767578 16.365890502929688
61.24696350097656 113.4024429321289 26.316457748413086
59.526554107666016 117.65067291259766 37.7349739074707
50.87160110473633 118.44245910644531 47.9045295715332
49.77199935913086 89.15374755859375 -59.12210464477539
60.01934051513672 91.57646942138672 -49.065025329589844
67.11234283447266 97.254150390625 -37.86502456665039
67.6495361328125 100.99378204345703 -23.413333892822266
71.7357406616211 104.4787826538086 -12.786105155944824
73.78009796142578 109.7484130859375 -25.39995002746582
67.7401351928711 106.53226470947266 -40.91792678833008
59.51002883911133 102.5423812866211 -53.782447814941406
46.07779312133789 105.77168273925781 42.77168655395508
53.36866760253906 106.3035659790039 37.101051330566406
55.99981689453125 105.62040710449219 31.78964614868164
55.45021438598633 103.69546508789062 26.411602020263672
52.49981689453125 96.89872741699219 20.112096786499023
53.32316970825195 97.38125610351562 26.496597290039062
52.71766662597656 97.17646789550781 32.13497543334961
50.859130859375 99.69684600830078 37.97565841674805
54.092857360839844 82.89408874511719 -40.292781829833984
58.49494934082031 81.59773254394531 -33.41053009033203
58.73280334472656 81.57730865478516 -27.691465377807617
57.95501708984375 83.99176025390625 -22.08125877380371
55.90256118774414 88.11651611328125 -12.70507526397705
59.890628814697266 90.76141357421875 -23.792465209960938
61.745697021484375 91.04356384277344 -28.765026092529297
60.47671127319336 87.94544982910156 -33.93703842163086
53.899818420410156 101.81114196777344 31.953697204589844
59.2288818359375 86.82891845703125 -28.196157455444336
65.03756713867188 90.11421966552734 -5.322927474975586
75.3084945678711 64.14940643310547 -2.9023661613464355
62.3485221862793 52.261985778808594 -7.1534342765808105
63.64056396484375 46.419315338134766 1.900573968887329
76.57435607910156 51.463470458984375 5.1095123291015625
69.84156036376953 48.71469497680664 15.066374778747559
75.76213836669922 57.57267761230469 22.94628143310547
56.256126403808594 53.095252990722656 27.455636978149414
55.03804016113281 61.738243103027344 28.379505157470703
69.38252258300781 71.26175689697266 23.983116149902344
60.81153869628906 93.92134094238281 11.335161209106445
93.4322509765625 61.834564208984375 14.276876449584961
44.62437438964844 29.236696243286133 42.92348861694336
58.138572692871094 30.821823120117188 33.92282485961914
65.46210479736328 31.747621536254883 24.303367614746094
65.73004150390625 28.942604064941406 17.360326766967773
67.80815124511719 29.575841903686523 11.562158584594727
65.17513275146484 24.957311630249023 4.478025913238525
53.18405532836914 16.456249237060547 -5.784236431121826
63.85734176635742 16.800899505615234 8.198874473571777
64.90003967285156 18.637969970703125 19.74107551574707
58.31667709350586 22.774076461791992 32.59664535522461
58.29220962524414 27.434621810913086 28.82645606994629
62.99981689453125 24.919902801513672 18.964365005493164
63.15008544921875 22.845462799072266 9.48208999633789
58.25885009765625 26.717453002929688 28.805099487304688
62.870147705078125 24.376466751098633 19.028135299682617
62.68980407714844 22.319448471069336 9.707222938537598
-36.074649810791016 61.10200119018555 79.5428466796875
-40.116493225097656 27.02216339111328 79.73190307617188
-14.949260711669922 1.6466124057769775 74.4578857421875
20.58041763305664 -7.554135799407959 59.14680862426758
37.952579498291016 -19.71988296508789 44.748207092285156
48.162601470947266 -24.623533248901367 29.433414459228516
47.48310089111328 -28.018157958984375 14.53354263305664
26.313617706298828 -24.41908836364746 -11.732784271240234
27.299816131591797 -15.523533821105957 -25.877235412597656
-9.280223846435547 -1.4871035814285278 -54.334083557128906
-22.827011108398438 18.969572067260742 -67.01570129394531
