28.03782844543457 78.07760620117188 48.00860595703125
43.72857666015625 82.34196472167969 40.64693832397461
56.65266036987305 79.50676727294922 31.800752639770508
64.47252655029297 74.25537872314453 21.128009796142578
63.99271774291992 64.77045440673828 14.477120399475098
58.239837646484375 65.95865631103516 22.398944854736328
53.97701644897461 70.36580657958984 33.506832122802734
44.478084564208984 73.33416748046875 42.37648391723633
41.564735412597656 43.58760070800781 -58.302146911621094
55.78949737548828 46.994808197021484 -50.5196418762207
64.16960144042969 51.395362854003906 -36.55595779418945
63.47005844116211 52.70569610595703 -24.501285552978516
68.54460144042969 56.350093841552734 -14.874443054199219
71.24211120605469 61.738651275634766 -26.587739944458008
67.76176452636719 60.8614387512207 -39.5827522277832
56.55816650390625 57.25968933105469 -53.633148193359375
36.61687469482422 57.854793548583984 38.3232536315918
46.64963912963867 56.233367919921875 33.36066436767578
50.122947692871094 56.370140075683594 27.0372314453125
49.40713119506836 54.451637268066406 22.32353401184082
48.006587982177734 50.85042190551758 15.415905952453613
46.25812911987305 49.04405975341797 22.745929718017578
44.26889419555664 49.33552551269531 28.33591079711914
41.7083740234375 51.75895309448242 33.33232116699219
47.36513900756836 35.24815368652344 -40.89793014526367
51.28446578979492 33.71906661987305 -33.18537139892578
52.55717849731445 34.76981735229492 -26.677997589111328
52.11790084838867 36.71169662475586 -22.23577117919922
51.8039436340332 40.62471389770508 -15.038203239440918
56.0248908996582 43.49764633178711 -22.212568283081055
58.41904830932617 42.19026184082031 -28.838247299194336
56.50434875488281 39.06422424316406 -35.498619079589844
46.94853210449219 51.904720306396484 28.458513259887695
53.67514419555664 35.60972213745117 -26.774539947509766
60.251373291015625 42.73200607299805 -6.554082870483398
68.12169647216797 17.06581687927246 -4.051078796386719
53.49138259887695 4.795454502105713 -8.690814018249512
55.17115783691406 -1.8011327981948853 -2.573164939880371
66.16844177246094 3.077263593673706 4.786722660064697
60.7708854675293 -0.26294034719467163 14.332901954650879
64.12105560302734 7.047264575958252 23.844154357910156
48.881343841552734 7.907750129699707 25.470298767089844
47.96844482421875 16.648496627807617 26.690149307250977
60.94483184814453 24.89516258239746 25.119319915771484
56.78566360473633 47.5091667175293 9.748028755187988
81.18840026855469 10.917613983154297 15.635123252868652
28.578493118286133 -11.93308162689209 40.46593475341797
44.78602600097656 -15.280928611755371 32.00629806518555
54.05866241455078 -15.77752685546875 24.439645767211914
56.20478057861328 -17.726484298706055 17.491487503051758
56.956756591796875 -17.367521286010742 11.132492065429688
53.346534729003906 -22.317487716674805 6.556851387023926
38.57649230957031 -27.88092803955078 -6.46336030960083
50.3824348449707 -32.588104248046875 8.987422943115234
50.10590362548828 -31.522436141967773 20.121408462524414
43.924713134765625 -24.785030364990234 33.06043243408203
44.46844482421875 -18.991130828857422 28.40991973876953
49.506282806396484 -22.711027145385742 18.622961044311523
49.548099517822266 -25.298776626586914 8.98546314239502
44.25202560424805 -19.612707138061523 28.620309829711914
47.96844482421875 -24.111589431762695 18.957809448242188
48.818172454833984 -26.125242233276367 8.946681022644043
-44.570709228515625 33.06237030029297 66.05158996582031
-43.42043685913086 -2.5973784923553467 70.33821105957031
-21.84359359741211 -24.62453269958496 64.28963470458984
-2.816342353820801 -45.41780090332031 53.227569580078125
13.558050155639648 -61.58794403076172 39.521202087402344
23.258243560791016 -68.99886322021484 25.26895523071289
21.34790802001953 -69.8876724243164 8.51877212524414
10.450455665588379 -66.7705078125 1.0459309816360474
-0.958776593208313 -60.65488052368164 -20.958463668823242
-3.2407970428466797 -60.08092498779297 -23.45406723022461
-13.937546730041504 -43.28092575073242 -45.85406494140625
