-19.11138153076172 57.27858352661133 89.96135711669922
-3.6579160690307617 66.00907135009766 86.65160369873047
6.403324604034424 59.67880630493164 83.14981079101562
16.26712989807129 54.769775390625 77.14505004882812
20.160429000854492 44.897403717041016 69.64830017089844
9.53388500213623 45.60846710205078 74.56951904296875
3.8541042804718018 49.57858657836914 82.40631866455078
-4.946704387664795 55.87858581542969 89.33939361572266
49.32527542114258 29.27858543395996 1.1097617149353027
51.154483795166016 29.27858543395996 12.576275825500488
48.30930709838867 32.33488845825195 24.670564651489258
41.7599983215332 34.14436340332031 35.96408462524414
38.74348068237305 37.09333038330078 45.07556915283203
47.40608215332031 42.177215576171875 35.844970703125
50.873111724853516 40.9618034362793 24.431535720825195
52.38326644897461 38.732444763183594 7.760705947875977
-12.579904556274414 35.57858657836914 84.02908325195312
-2.09562349319458 38.469573974609375 82.610595703125
2.398411512374878 33.687923431396484 74.98458862304688
3.4539003372192383 33.23894500732422 70.67627716064453
4.352581024169922 29.765363693237305 64.49125671386719
0.5979319214820862 28.79553985595703 70.46973419189453
-2.192420244216919 27.250640869140625 73.93099975585938
-7.9418416023254395 31.166044235229492 81.03053283691406
37.66714096069336 13.597463607788086 15.560014724731445
37.47645568847656 13.079413414001465 22.131311416625977
33.03038024902344 12.84076976776123 27.238964080810547
29.834138870239258 15.76500129699707 31.804153442382812
24.40340805053711 20.529056549072266 37.76616668701172
32.875980377197266 21.170215606689453 32.846927642822266
37.94866180419922 18.078584671020508 28.755956649780273
39.92799377441406 15.907048225402832 23.076274871826172
1.1848987340927124 31.378585815429688 73.96449279785156
33.58543014526367 13.878585815429688 27.71370506286621
24.452966690063477 23.51744270324707 49.86929702758789
31.940176010131836 1.3913955688476562 58.71268844604492
26.51802635192871 -8.962348937988281 48.52333450317383
23.766157150268555 -15.521413803100586 53.85005187988281
29.412641525268555 -9.363502502441406 63.32093811035156
22.065214157104492 -13.7285737991333 70.11271667480469
18.936767578125 -5.170378684997559 76.82754516601562
7.308244705200195 -8.308037757873535 74.42317962646484
4.347713947296143 -1.0588234663009644 74.77993774414062
15.380483627319336 6.767409324645996 75.83549499511719
14.420620918273926 27.74977684020996 61.98339080810547
35.15071487426758 -2.0119268894195557 78.48577880859375
-7.0781049728393555 -28.762422561645508 85.55176544189453
5.818728446960449 -25.84403419494629 81.1731948852539
15.06181526184082 -24.437116622924805 75.8194808959961
20.070009231567383 -27.01104164123535 71.7790756225586
23.203632354736328 -27.11199188232422 66.41984558105469
23.972007751464844 -32.04728317260742 58.598331451416016
22.756534576416016 -40.721412658691406 46.61793518066406
22.580583572387695 -40.477821350097656 61.71511459350586
16.337244033813477 -39.628929138183594 72.51921081542969
5.816220760345459 -35.35309982299805 80.67750549316406
8.967142105102539 -28.121414184570312 78.66744232177734
17.034732818603516 -30.92141342163086 71.88689422607422
21.713735580444336 -33.721412658691406 62.37699890136719
9.013463020324707 -28.52997398376465 79.01235961914062
17.390413284301758 -31.94108772277832 71.87104797363281
21.89964485168457 -34.42141342163086 62.494300842285156
-90.3892822265625 11.078585624694824 67.87627410888672
-80.68905639648438 -15.54308032989502 73.28845977783203
-60.76572799682617 -38.0124626159668 81.7935791015625
-37.034358978271484 -53.517852783203125 82.31477355957031
-13.553662300109863 -62.57518768310547 76.70883178710938
0.9134112596511841 -68.13822174072266 68.30767822265625
6.631448268890381 -68.86408996582031 51.63847351074219
5.982114315032959 -71.20696258544922 25.82346534729004
0.2626991271972656 -65.1980972290039 0.04550801217556
-9.93285846710205 -52.73945236206055 -23.224069595336914
-16.033967971801758 -37.662353515625 -42.017478942871094
