-11.207073211669922 79.78340148925781 63.69655990600586
1.5604784488677979 90.2992172241211 55.734100341796875
12.456454277038574 92.99701690673828 46.4826774597168
20.999679565429688 92.2392578125 36.09151840209961
25.612625122070312 84.07231140136719 28.470102310180664
19.835128784179688 82.85755157470703 36.94355010986328
15.315831184387207 84.33736419677734 48.235103607177734
6.396448612213135 82.29177856445312 57.015499114990234
31.267990112304688 69.58834838867188 -38.67287826538086
35.14777755737305 73.37427520751953 -31.973148345947266
36.36478805541992 78.45416259765625 -20.69222640991211
33.856422424316406 78.760009765625 -9.354120254516602
35.417442321777344 81.83683013916016 0.1530967652797699
35.82905197143555 88.70758056640625 -10.697054862976074
33.4536018371582 86.858642578125 -24.358232498168945
30.59444808959961 80.72123718261719 -36.42082977294922
5.283452987670898 64.73088073730469 56.38535690307617
15.743385314941406 66.92681884765625 51.95742416381836
19.53947639465332 68.71802520751953 44.42548751831055
19.283933639526367 68.00089263916016 38.736690521240234
19.673200607299805 64.10299682617188 30.43227767944336
19.30413818359375 62.930931091308594 38.516395568847656
17.714284896850586 61.08391189575195 45.175785064697266
14.1241455078125 61.67357635498047 50.36384582519531
32.953922271728516 55.96682357788086 -29.970449447631836
35.666168212890625 55.762664794921875 -21.25653839111328
35.57071304321289 56.452239990234375 -14.626655578613281
33.347537994384766 58.141910552978516 -8.781901359558105
28.972291946411133 60.37059020996094 -1.42332124710083
33.591651916503906 64.01321411132812 -9.407085418701172
36.701751708984375 65.19073486328125 -13.617905616760254
37.907691955566406 61.52766799926758 -22.0296630859375
17.749103546142578 64.1118392944336 44.81777572631836
35.19853973388672 59.26412582397461 -13.439313888549805
36.598541259765625 64.28567504882812 6.638428688049316
54.024169921875 40.58384323120117 7.0234174728393555
49.74999237060547 26.364126205444336 12.7813138961792
49.665626525878906 19.67416763305664 9.230339050292969
57.26031494140625 27.73105812072754 14.609522819519043
53.9786262512207 21.663267135620117 24.4963436126709
53.592716217041016 28.844568252563477 33.232120513916016
39.18439865112305 22.752256393432617 35.53248977661133
34.75672149658203 30.498394012451172 36.77166748046875
45.288352966308594 41.69563293457031 34.28995895385742
29.16299057006836 65.61731719970703 24.096832275390625
69.42186737060547 38.46134948730469 25.518632888793945
30.25592613220215 -5.916426658630371 49.580116271972656
45.394832611083984 0.018402215093374252 41.94602966308594
53.080745697021484 6.461244583129883 34.08419418334961
56.3531608581543 4.039271831512451 27.251300811767578
57.10683822631836 4.87162971496582 20.60833740234375
56.10993957519531 -0.9463672637939453 13.135994911193848
46.40924835205078 -9.745488166809082 2.179964065551758
55.059814453125 -10.882234573364258 15.309433937072754
55.31173324584961 -9.648395538330078 28.8543643951416
45.8033447265625 -8.237696647644043 40.46247482299805
46.075042724609375 -1.804499864578247 37.54759216308594
52.865142822265625 -3.0358729362487793 28.181312561035156
53.607234954833984 -3.801676034927368 16.866064071655273
46.04829788208008 -3.067087173461914 37.49211502075195
53.05908966064453 -3.735872983932495 27.804960250854492
53.47832107543945 -4.5404438972473145 17.216466903686523
-60.73186111450195 1.8641270399093628 76.48130798339844
-45.809059143066406 -16.82417869567871 78.62366485595703
-15.267701148986816 -30.955312728881836 70.59697723388672
13.24300479888916 -41.87465286254883 58.027854919433594
32.16093063354492 -50.45210647583008 45.03266143798828
43.76997375488281 -50.90848159790039 30.170682907104492
45.15665817260742 -52.75882339477539 12.336915969848633
33.390357971191406 -49.63180160522461 -10.143678665161133
15.830168724060059 -45.55885314941406 -36.90415573120117
-6.896402359008789 -33.20204162597656 -66.67462158203125
-23.601457595825195 -19.13587188720703 -73.77691650390625
