-4.434248447418213 86.7027359008789 71.9498519897461
3.0579640865325928 98.19034576416016 66.18092346191406
15.471141815185547 103.24842071533203 58.60163879394531
25.814735412597656 103.91859436035156 47.11894607543945
29.81581687927246 94.92310333251953 38.26134490966797
23.868181228637695 92.82624053955078 47.51619338989258
18.15340232849121 92.96980285644531 58.99981689453125
8.43912410736084 88.8494873046875 67.16374969482422
37.32329559326172 77.9879150390625 -34.30531692504883
41.10329055786133 83.02513122558594 -27.739368438720703
43.75757598876953 86.85484313964844 -17.86211395263672
39.916969299316406 87.36305236816406 -4.700788974761963
40.664981842041016 91.1209716796875 5.130856513977051
43.34083938598633 99.47437286376953 -5.357517719268799
40.61237335205078 97.13224029541016 -21.427263259887695
35.97220230102539 90.71612548828125 -33.290069580078125
9.949281692504883 69.00840759277344 63.0285758972168
19.346759796142578 70.21304321289062 58.037391662597656
23.479778289794922 74.47161102294922 51.459327697753906
22.838247299194336 73.7031021118164 45.909664154052734
22.240312576293945 70.59494018554688 37.99407196044922
21.493755340576172 68.28334045410156 45.72465515136719
20.953758239746094 66.25272369384766 51.9072151184082
16.950632095336914 66.17800903320312 57.71575927734375
38.91743469238281 62.552757263183594 -22.007081985473633
41.03021240234375 61.36909484863281 -15.165677070617676
40.35454559326172 62.68043899536133 -7.837973594665527
37.590126037597656 64.99365997314453 -3.1380202770233154
33.950836181640625 68.15219116210938 4.451939582824707
38.36350631713867 71.44025421142578 -2.7613441944122314
42.229713439941406 71.70571899414062 -6.641808032989502
43.041847229003906 64.85652160644531 -15.372727394104004
21.600433349609375 69.42601013183594 51.25093078613281
40.79503631591797 65.55422973632812 -7.480686664581299
39.23080825805664 72.30458068847656 15.241427421569824
56.63838195800781 50.71592712402344 22.316194534301758
52.62100601196289 36.63037872314453 13.784402847290039
54.24333572387695 30.393314361572266 20.437442779541016
62.36726379394531 39.466854095458984 28.544952392578125
56.82798385620117 33.597537994384766 37.57197952270508
55.17486572265625 41.1595458984375 47.020713806152344
42.504844665527344 33.22533416748047 46.694114685058594
38.29249954223633 39.856529235839844 47.81428146362305
46.647499084472656 52.351680755615234 46.345909118652344
31.28139877319336 73.29144287109375 32.137245178222656
69.7654800415039 53.108619689941406 42.472869873046875
39.61100387573242 5.402483940124512 60.90386962890625
50.0145149230957 14.234500885009766 52.83012008666992
57.68773651123047 18.424209594726562 46.38181686401367
60.57109832763672 16.559078216552734 39.71209716796875
62.970436096191406 17.548925399780273 32.957828521728516
62.41535568237305 12.555276870727539 24.72695541381836
58.77627182006836 2.400300979614258 12.544952392578125
63.9674072265625 4.803968906402588 27.34154510498047
62.29847717285156 5.6453938484191895 40.157779693603516
52.968143463134766 6.119456768035889 51.69738006591797
52.59529495239258 11.592931747436523 48.729576110839844
59.94105529785156 11.715927124023438 40.058067321777344
61.0995979309082 10.158312797546387 28.436094284057617
52.701072692871094 10.339653015136719 48.64982223510742
60.12570571899414 10.715927124023438 39.8716926574707
61.17695617675781 9.22859001159668 28.76609992980957
-49.435546875 4.156620502471924 79.21807098388672
-35.56022644042969 -16.552947998046875 80.05506134033203
-8.926673889160156 -30.29309844970703 80.34476470947266
25.33832550048828 -30.55767822265625 69.70357513427734
44.86125564575195 -34.863224029541016 56.136051177978516
57.15149688720703 -36.25007247924805 41.298545837402344
57.812469482421875 -37.88206100463867 20.937538146972656
47.28477096557617 -37.69073486328125 -0.5193734765052795
32.69358825683594 -37.06568908691406 -29.939485549926758
17.085084915161133 -32.39159393310547 -45.97075653076172
-5.511599063873291 -12.363028526306152 -63.455047607421875
