-16.65212059020996 126.58134460449219 55.5869255065918
-5.888655662536621 138.98452758789062 48.56499481201172
4.100701808929443 140.52865600585938 38.94353485107422
12.260431289672852 139.25128173828125 27.452653884887695
16.541095733642578 132.01461791992188 20.20012664794922
10.127334594726562 130.09555053710938 28.633956909179688
4.180494785308838 131.0818634033203 39.08413314819336
-3.9854700565338135 127.62420654296875 48.524295806884766
6.5762529373168945 112.21834564208984 -62.18088150024414
15.948378562927246 118.18389892578125 -51.79489517211914
20.810138702392578 124.44109344482422 -39.27933120727539
20.277828216552734 126.29937744140625 -26.621610641479492
24.721885681152344 130.7612762451172 -15.14193058013916
24.371126174926758 136.5594940185547 -27.603391647338867
20.851316452026367 134.30043029785156 -41.04328536987305
13.792198181152344 129.07327270507812 -55.07570266723633
-4.317634582519531 116.67711639404297 44.77949523925781
2.4458611011505127 122.75865173339844 37.75398635864258
4.768759727478027 124.0451889038086 30.890567779541016
4.666205883026123 121.77204895019531 25.21770668029785
3.8590896129608154 115.9594955444336 18.064355850219727
3.935033082962036 113.9813461303711 24.199522018432617
3.779073476791382 112.83625793457031 32.10825729370117
1.6145299673080444 112.00631713867188 36.62429428100586
14.459545135498047 109.08134460449219 -45.3217887878418
17.014530181884766 106.53059387207031 -35.43910217285156
17.895788192749023 108.78340148925781 -28.060688018798828
16.558229446411133 112.43801879882812 -23.753175735473633
11.546671867370605 112.7549819946289 -16.943082809448242
15.63131046295166 118.82942199707031 -25.359498977661133
16.987823486328125 119.69625091552734 -30.100954055786133
17.16950798034668 115.74657440185547 -38.83671569824219
5.112923622131348 119.14205932617188 30.324295043945312
18.208311080932617 115.38134765625 -31.14480972290039
23.64464569091797 117.01931762695312 -6.126373291015625
42.09013366699219 93.3913345336914 -5.232659816741943
36.39851760864258 75.03175354003906 -10.154772758483887
39.802677154541016 69.08333587646484 -3.7806036472320557
49.77065658569336 81.1152114868164 1.966975212097168
46.37384033203125 72.66326904296875 12.974210739135742
46.68332290649414 82.77179718017578 20.5781307220459
30.506921768188477 74.02005767822266 24.144723892211914
25.26470375061035 80.19739532470703 25.109548568725586
34.87295913696289 94.64307403564453 20.75544548034668
17.900636672973633 118.35258483886719 12.53729248046875
62.21305465698242 94.53485107421875 11.759254455566406
26.477352142333984 46.49400329589844 39.6236457824707
38.53256607055664 50.981346130371094 31.024293899536133
44.90442657470703 52.40521240234375 21.224294662475586
47.55348587036133 52.28214645385742 16.36813735961914
51.541282653808594 54.16567611694336 11.765141487121582
49.540584564208984 51.20392990112305 -2.7031753063201904
42.858673095703125 45.1962776184082 -16.067956924438477
53.67584991455078 43.281349182128906 1.361834168434143
51.565311431884766 39.34976577758789 17.735963821411133
41.16847610473633 48.38028335571289 28.57034683227539
42.4379768371582 50.281349182128906 25.422042846679688
47.81452941894531 50.826168060302734 15.624295234680176
48.220035552978516 49.136314392089844 2.4877843856811523
42.436683654785156 50.281349182128906 25.42429542541504
48.514530181884766 50.188232421875 14.924294471740723
49.31818771362305 48.18134689331055 3.8607192039489746
-57.95164489746094 40.41516876220703 70.73875427246094
-68.0567398071289 14.866320610046387 63.2564582824707
-64.55252075195312 36.61429214477539 69.9086685180664
22.084774017333984 -0.05602579563856125 40.29271697998047
30.398088455200195 -0.09576310962438583 31.248844146728516
46.93290710449219 12.16108226776123 23.100749969482422
52.85503387451172 10.225262641906738 -1.139553189277649
47.674983978271484 5.678922176361084 -18.737714767456055
29.28557777404785 4.781349182128906 -45.7110710144043
16.362712860107422 3.5426177978515625 -53.67570495605469
-4.685470104217529 12.353742599487305 -73.42292785644531
