-22.559202194213867 76.37601470947266 57.150909423828125
-16.463315963745117 87.58843994140625 49.2061653137207
-5.283185958862305 90.65221405029297 39.16024398803711
4.193321228027344 89.33646392822266 25.858776092529297
11.017281532287598 79.99344635009766 20.12204360961914
3.9480905532836914 79.14114379882812 29.8415584564209
-1.9139729738235474 82.02822875976562 41.346038818359375
-11.014912605285645 78.13646697998047 51.75996017456055
10.483530044555664 52.5780029296875 -49.632694244384766
12.524930000305176 57.397403717041016 -48.5054817199707
16.632606506347656 64.97626495361328 -36.922698974609375
15.875757217407227 66.23646545410156 -25.236188888549805
18.58489418029785 71.53657531738281 -16.35228157043457
16.325597763061523 76.9911880493164 -26.324134826660156
13.409908294677734 72.9452133178711 -39.16919708251953
7.594296932220459 66.3115005493164 -50.88865661621094
-5.8368072509765625 57.83646774291992 50.622127532958984
2.7224678993225098 58.374732971191406 44.193538665771484
5.154691219329834 59.58229446411133 38.9945182800293
5.222570419311523 59.936466217041016 32.96612548828125
4.597102165222168 57.38969421386719 24.76205825805664
5.319521427154541 55.036468505859375 33.19957733154297
3.869446039199829 55.01045227050781 39.67775344848633
0.32499784231185913 55.73646545410156 45.353389739990234
18.648420333862305 40.27644729614258 -33.37315368652344
21.098459243774414 43.83646774291992 -26.79319190979004
20.14212417602539 44.94447326660156 -22.816896438598633
17.85111427307129 47.58174133300781 -18.047359466552734
11.902533531188965 52.2067756652832 -10.61290454864502
17.957609176635742 55.73646545410156 -20.049894332885742
21.139101028442383 54.928165435791016 -26.549238204956055
20.762048721313477 55.73646545410156 -30.773574829101562
4.265220642089844 58.03199005126953 39.69451904296875
19.286537170410156 53.63646697998047 -21.205482482910156
19.79427146911621 59.22186279296875 -1.2520734071731567
41.170204162597656 44.443302154541016 2.074509382247925
35.11397171020508 27.81468391418457 -1.3851639032363892
42.578712463378906 24.843210220336914 8.093069076538086
47.30500411987305 35.6914176940918 10.32688045501709
44.728736877441406 30.691993713378906 19.39451789855957
42.4885139465332 38.452571868896484 25.49864387512207
32.40612030029297 28.706357955932617 31.240739822387695
26.548433303833008 35.070560455322266 31.858633041381836
32.64114761352539 47.686546325683594 26.881254196166992
13.385711669921875 62.221290588378906 16.577714920043945
54.6883659362793 49.9592170715332 19.075450897216797
31.261911392211914 3.5295250415802 49.433712005615234
43.06230545043945 11.443601608276367 39.01021194458008
49.006500244140625 17.236467361450195 29.4401912689209
51.8851432800293 15.1490478515625 23.595354080200195
52.34834671020508 15.016430854797363 17.58059310913086
52.139896392822266 9.424562454223633 19.825618743896484
45.76988983154297 -4.999388217926025 1.7636237144470215
55.970951080322266 -1.6289364099502563 13.928339958190918
55.82710266113281 1.5189244747161865 26.423492431640625
46.81484603881836 3.6047821044921875 39.96306228637695
44.459285736083984 8.197978019714355 35.095985412597656
49.92632293701172 7.436467170715332 25.037273406982422
51.04991149902344 4.858709335327148 15.295659065246582
44.844966888427734 7.32106876373291 35.263023376464844
50.214454650878906 5.8899312019348145 25.152612686157227
51.59831237792969 3.720522880554199 15.434146881103516
-56.01947784423828 -18.524412155151367 85.4880599975586
-46.271785736083984 -36.401512145996094 86.16297149658203
-10.5902099609375 -43.85014343261719 80.73665618896484
27.148609161376953 -36.96469497680664 67.30968475341797
46.78523635864258 -40.16353225708008 51.255027770996094
57.31978988647461 -40.67369079589844 33.86516571044922
57.8690185546875 -43.01197814941406 24.127431869506836
44.31519317626953 -49.246185302734375 -2.373403787612915
30.354690551757812 -58.36353302001953 -26.677549362182617
2.400906801223755 -61.174598693847656 -51.270416259765625
-22.34623908996582 -52.26237106323242 -64.70307159423828
