-39.35364532470703 48.67469787597656 -37.18950271606445
-47.05919647216797 60.83313751220703 -29.769800186157227
-53.212345123291016 65.22858428955078 -19.738759994506836
-57.6340446472168 67.24967956542969 -6.808435440063477
-57.53645324707031 61.97469711303711 3.0286502838134766
-56.49149703979492 58.321659088134766 -6.423878192901611
-54.674835205078125 57.25267791748047 -18.008363723754883
-48.89827346801758 52.2368278503418 -28.064716339111328
-34.23115158081055 61.74311828613281 76.14562225341797
-44.28602981567383 62.67469787597656 68.15249633789062
-52.36937713623047 64.55760192871094 57.16676712036133
-54.38690185546875 62.52371597290039 46.55860900878906
-56.637577056884766 64.42123413085938 37.691993713378906
-55.46476745605469 72.2440185546875 45.99681091308594
-50.069217681884766 73.36701965332031 58.319881439208984
-41.171451568603516 71.36679077148438 69.03998565673828
-48.76748275756836 35.75908660888672 -21.520931243896484
-56.408416748046875 42.318824768066406 -13.228976249694824
-56.805625915527344 45.87469482421875 -7.331906795501709
-54.58931350708008 44.70907211303711 -1.5387364625930786
-53.63277053833008 41.960304260253906 7.895973205566406
-53.109535217285156 39.16938400268555 -1.3498412370681763
-54.165435791015625 37.10752868652344 -6.64060115814209
-53.331905364990234 35.11878967285156 -12.865070343017578
-44.259315490722656 45.45922088623047 64.66688537597656
-48.59377670288086 40.91384506225586 58.68434143066406
-50.41728591918945 40.274696350097656 52.51493453979492
-51.2604866027832 41.15297317504883 46.98588943481445
-51.055633544921875 43.774696350097656 39.738426208496094
-53.76996612548828 47.080589294433594 46.379066467285156
-54.56161117553711 47.99796676635742 52.49013137817383
-51.104393005371094 45.602386474609375 58.27906799316406
-55.690433502197266 40.633522033691406 -5.845654487609863
-51.960662841796875 44.07001495361328 53.31035614013672
-58.17516326904297 46.79039001464844 29.726865768432617
-73.84696197509766 25.939743041992188 33.887474060058594
-64.10990142822266 16.165424346923828 40.86817169189453
-67.06088256835938 9.578207015991211 37.73613357543945
-77.48636627197266 14.300834655761719 32.17080307006836
-77.22785186767578 7.632022380828857 24.917856216430664
-81.3415298461914 13.827977180480957 17.85036277770996
-69.42997741699219 6.119025707244873 15.048534393310547
-68.98027801513672 11.406184196472168 9.607105255126953
-78.56048583984375 24.72955894470215 12.889185905456543
-62.52248001098633 45.529144287109375 13.962410926818848
-89.11351776123047 20.555252075195312 22.93047523498535
-66.80117797851562 -20.443559646606445 7.148592472076416
-74.56082916259766 -11.104945182800293 15.897638320922852
-77.05378723144531 -6.6538825035095215 21.500551223754883
-77.44347381591797 -7.601912498474121 27.00271987915039
-76.42408752441406 -5.447905540466309 32.60765075683594
-72.79631805419922 -9.03341007232666 41.799652099609375
-64.48009490966797 -14.605854034423828 52.4041633605957
-75.40277862548828 -17.75249671936035 41.186763763427734
-79.5667953491211 -19.495872497558594 29.204143524169922
-76.58475494384766 -20.528051376342773 17.526588439941406
-74.21058654785156 -13.728046417236328 19.181812286376953
-75.52606964111328 -12.390997886657715 27.738178253173828
-73.38607788085938 -11.951032638549805 37.83768844604492
-75.02925872802734 -15.738067626953125 19.674854278564453
-76.15695190429688 -14.73363971710205 28.002763748168945
-73.76520538330078 -14.020162582397461 37.979068756103516
11.478292465209961 -26.925302505493164 -43.22093200683594
-11.360487937927246 -55.38585662841797 -22.920930862426758
-23.353300094604492 -57.169803619384766 -17.55626678466797
-48.88190460205078 -59.622684478759766 2.8142428398132324
-65.9325180053711 -59.13111114501953 19.139705657958984
-69.82986450195312 -59.237648010253906 31.1719913482666
-63.798831939697266 -54.92807388305664 52.81163024902344
-42.44281768798828 -49.80792999267578 71.1991958618164
-17.394079208374023 -43.083518981933594 86.44477081298828
6.332213878631592 -30.618003845214844 96.3200454711914
14.896631240844727 -12.645516395568848 99.20984649658203
