-60.44139099121094 75.05546569824219 -36.0299186706543
-68.56124877929688 83.57154083251953 -29.43529510498047
-75.04183197021484 85.59031677246094 -17.738691329956055
-77.75721740722656 85.8884506225586 -4.743888854980469
-74.86334228515625 80.09378051757812 4.884253025054932
-73.13072204589844 77.79098510742188 -5.625158786773682
-73.7909927368164 76.7918930053711 -17.57398796081543
-68.75043487548828 74.86882019042969 -28.726089477539062
-43.66917419433594 83.07948303222656 74.20069885253906
-54.910552978515625 81.37640380859375 68.77552032470703
-64.69099426269531 81.01311492919922 55.52738952636719
-65.74266815185547 80.76354217529297 45.195308685302734
-70.82405090332031 82.0993423461914 36.777122497558594
-71.88788604736328 89.484375 45.913421630859375
-65.6045150756836 91.30792236328125 57.86335754394531
-53.366886138916016 91.17640686035156 69.05352020263672
-60.36671447753906 61.03104019165039 -23.55419921875
-66.31295776367188 63.780120849609375 -17.829919815063477
-67.7692642211914 64.50393676757812 -11.408788681030273
-65.61018371582031 66.89561462402344 -4.597287654876709
-60.12408447265625 63.87879943847656 2.9463117122650146
-62.51246643066406 61.0764045715332 -5.0493903160095215
-63.14125442504883 59.14250183105469 -10.7785062789917
-62.278236389160156 58.460052490234375 -17.375207901000977
-47.38113021850586 66.25009155273438 62.67007827758789
-52.01152038574219 63.141029357910156 57.99330139160156
-54.66237258911133 61.776405334472656 51.743370056152344
-56.19651794433594 63.40235900878906 45.87287902832031
-55.90281295776367 65.7712631225586 37.33055877685547
-59.2813835144043 68.1079330444336 45.56540298461914
-60.45856475830078 68.41304779052734 51.114540100097656
-55.70635223388672 67.1230239868164 58.47007751464844
-63.49285888671875 60.37640380859375 -11.529919624328613
-55.73101043701172 63.035091400146484 52.1215934753418
-64.93766021728516 66.39147186279297 29.16985321044922
-74.74275970458984 43.328834533691406 34.606956481933594
-63.55875778198242 34.17841720581055 36.79975509643555
-65.54962158203125 27.336862564086914 34.402305603027344
-76.6656723022461 31.403181076049805 31.46864891052246
-74.18173217773438 25.617599487304688 24.170080184936523
-80.70722961425781 30.429710388183594 16.66956329345703
-68.59259033203125 25.569318771362305 12.115250587463379
-68.2060775756836 31.726686477661133 8.074410438537598
-78.08967590332031 41.84499740600586 12.399930000305176
-66.49622344970703 64.07341766357422 12.46094036102295
-89.87747955322266 38.5957145690918 24.47872543334961
-57.438560485839844 -1.7488733530044556 0.6225576996803284
-68.16381072998047 5.105131149291992 12.132391929626465
-71.90237426757812 8.745321273803711 18.638914108276367
-72.58984375 7.092395782470703 24.4773006439209
-70.73290252685547 9.814413070678711 30.338245391845703
-64.86578369140625 5.857935905456543 38.05265808105469
-53.274810791015625 0.5028815269470215 47.041019439697266
-64.10340881347656 -4.341442584991455 36.97905731201172
-69.29855346679688 -6.5971832275390625 25.50143051147461
-66.75506591796875 -5.624938011169434 14.096784591674805
-66.7909927368164 2.6407244205474854 15.423178672790527
-68.27447509765625 2.6359505653381348 24.625438690185547
-64.78634643554688 3.7553906440734863 33.9700813293457
-66.2816390991211 0.1673552691936493 15.64122486114502
-67.53490447998047 0.3379189968109131 24.911418914794922
-64.82186126708984 1.1631007194519043 34.24452209472656
9.509004592895508 5.076406002044678 -58.35661315917969
13.411846160888672 -12.881627082824707 -53.20808410644531
-11.490995407104492 -33.284385681152344 -39.4323616027832
-33.42475128173828 -42.71146011352539 -16.24531364440918
-50.264373779296875 -45.26948547363281 10.095861434936523
-53.58588409423828 -46.880184173583984 27.523996353149414
-46.73179244995117 -41.316184997558594 43.773399353027344
-26.975229263305664 -33.862525939941406 64.68608856201172
-3.1867423057556152 -25.459823608398438 82.04943084716797
14.176376342773438 -9.920132637023926 88.87670135498047
26.82624626159668 9.173361778259277 91.63328552246094
