-42.275367736816406 66.51039123535156 -52.912601470947266
-51.024662017822266 79.84994506835938 -46.50271224975586
-60.21223068237305 84.92202758789062 -32.785465240478516
-67.0118637084961 87.3580551147461 -16.47518539428711
-67.88846588134766 80.45592498779297 -6.048892974853516
-63.792484283447266 77.17454528808594 -16.965774536132812
-61.0378303527832 76.02162170410156 -30.149629592895508
-52.297027587890625 68.95783996582031 -44.0444221496582
-27.903152465820312 82.36915588378906 68.0109634399414
-41.92708969116211 82.31355285644531 58.79814529418945
-53.447784423828125 84.79065704345703 45.479488372802734
-56.5705451965332 83.26625061035156 34.1206169128418
-62.583133697509766 84.34709930419922 24.366683959960938
-60.594364166259766 94.42725372314453 32.8712272644043
-52.19691848754883 95.66944122314453 46.36113357543945
-40.45914840698242 94.35269927978516 58.5915641784668
-49.98408889770508 53.33873748779297 -35.88310623168945
-59.005977630615234 59.21480941772461 -28.778121948242188
-59.97759246826172 63.41082000732422 -20.828771591186523
-57.3099479675293 63.823123931884766 -15.227686882019043
-53.14344787597656 61.159080505371094 -4.7733283042907715
-58.36258316040039 59.26742172241211 -1.401210904121399
-56.32940673828125 53.88101577758789 -21.111854553222656
-54.44223403930664 52.15861892700195 -28.132648468017578
-41.148292541503906 65.65501403808594 54.69008255004883
-46.07448959350586 61.96250915527344 48.550697326660156
-48.8016242980957 61.15010452270508 42.21797180175781
-49.741024017333984 62.580848693847656 35.97864532470703
-49.51557159423828 64.90330505371094 26.884090423583984
-52.71104431152344 68.48113250732422 35.35602569580078
-53.85055160522461 68.41136169433594 40.78428649902344
-49.479549407958984 64.93712615966797 47.6181526184082
-55.98805618286133 65.15413665771484 -12.499313354492188
-50.44077682495117 64.19783020019531 42.23643112182617
-60.6868782043457 65.50468444824219 16.8712100982666
-72.94559478759766 43.26851272583008 24.728487014770508
-59.567970275878906 33.1434440612793 31.590869903564453
-62.2835693359375 25.627614974975586 29.025875091552734
-75.46783447265625 30.04982566833496 23.751468658447266
-75.1774673461914 21.87051773071289 15.746779441833496
-81.17749786376953 27.99944496154785 6.167802810668945
-66.38994598388672 21.150636672973633 2.5523054599761963
-66.45201873779297 26.6357364654541 -3.9047093391418457
-77.65959930419922 40.24950408935547 0.36353689432144165
-62.932586669921875 63.490169525146484 1.285438895225525
-90.60923767089844 37.44058609008789 13.361004829406738
-61.866519927978516 -6.695011138916016 0.2930015027523041
-69.09017181396484 1.7023743391036987 5.0080461502075195
-72.65467834472656 6.250982284545898 14.005666732788086
-72.25989532470703 5.339550018310547 18.47226905822754
-71.62982177734375 8.102422714233398 24.900583267211914
-65.88167572021484 5.073124408721924 34.84642028808594
-54.40986251831055 -0.1257864385843277 46.313472747802734
-66.91240692138672 -4.502716541290283 34.885738372802734
-70.58552551269531 -7.366363048553467 21.25752067565918
-68.93067932128906 -8.364990234375 8.781359672546387
-69.84867858886719 -0.7278513312339783 13.888932228088379
-69.88804626464844 0.44734910130500793 19.99395179748535
-66.64972686767578 1.5556679964065552 31.0404052734375
-69.29949951171875 -2.0285511016845703 13.573083877563477
-69.06265258789062 -1.2504386901855469 20.410430908203125
-66.57796478271484 0.023188576102256775 31.109771728515625
15.13467788696289 -14.73234748840332 -61.27000427246094
-9.698726654052734 -46.95737075805664 -35.090110778808594
-20.428054809570312 -45.176239013671875 -33.34764099121094
-43.256629943847656 -45.041507720947266 -11.27030086517334
-62.145538330078125 -48.48989486694336 10.309856414794922
-63.512115478515625 -47.31379318237305 25.964370727539062
-55.0877571105957 -45.561492919921875 44.241458892822266
-31.251131057739258 -38.617164611816406 59.12417984008789
-5.291401386260986 -31.12253761291504 74.75445556640625
24.40643882751465 -17.824480056762695 81.36072540283203
42.13041305541992 6.8481903076171875 81.30368041992188
