-61.16761779785156 45.87759780883789 -40.12063217163086
-67.71135711669922 59.1153678894043 -31.802865982055664
-69.7774658203125 66.55018615722656 -17.108112335205078
-67.10929107666016 71.37355041503906 -3.741328239440918
-60.77901077270508 67.51651763916016 5.691498279571533
-62.40544891357422 62.0528450012207 -3.4584131240844727
-67.4654769897461 57.35177993774414 -14.555100440979004
-67.0401382446289 50.80714416503906 -27.292402267456055
-0.5231221318244934 85.43937683105469 48.22229766845703
-13.935081481933594 82.9985580444336 46.876220703125
-26.7782039642334 81.55215454101562 41.39167785644531
-34.833892822265625 77.7420654296875 32.670406341552734
-44.52278137207031 75.93074798583984 28.120155334472656
-41.07475662231445 87.41071319580078 32.899742126464844
-29.004867553710938 91.66290283203125 40.248207092285156
-14.7802095413208 93.78582763671875 45.273101806640625
-56.982948303222656 39.964595794677734 -21.28218650817871
-59.4576530456543 45.33481216430664 -13.182992935180664
-58.03816604614258 49.55021667480469 -7.762650012969971
-53.290225982666016 51.968162536621094 -3.8784432411193848
-45.118900299072266 51.415367126464844 -0.3259681165218353
-50.647727966308594 46.41505432128906 -3.8953428268432617
-53.50882339477539 42.18284225463867 -7.548521518707275
-55.801143646240234 40.33002853393555 -12.98732852935791
-11.450929641723633 69.36822509765625 43.73519515991211
-16.7381649017334 63.627113342285156 40.91267013549805
-21.1292667388916 61.38262939453125 36.84033203125
-23.617433547973633 61.30709457397461 32.364173889160156
-26.5714168548584 59.91383743286133 25.433917999267578
-26.40241050720215 66.99760437011719 31.998291015625
-25.48777198791504 67.99203491210938 36.49086380004883
-20.217615127563477 68.76758575439453 41.54773712158203
-55.38752365112305 46.10236740112305 -7.855769157409668
-22.911277770996094 64.76221466064453 36.971153259277344
-40.47566604614258 59.42389678955078 24.75950813293457
-44.15995407104492 37.9453125 42.01319122314453
-29.56287956237793 30.560930252075195 43.219547271728516
-31.587724685668945 22.441097259521484 43.36539840698242
-45.06474685668945 24.67168426513672 43.51425552368164
-47.77900314331055 15.630585670471191 38.23719787597656
-57.259727478027344 19.0638427734375 30.64212417602539
-46.64613723754883 13.082269668579102 24.367612838745117
-49.4007568359375 17.6491756439209 15.954838752746582
-56.43036651611328 29.617652893066406 24.557655334472656
-49.90447235107422 53.36170959472656 11.226720809936523
-63.32609939575195 28.735271453857422 42.3693962097168
-42.850406646728516 -13.229013442993164 23.16828727722168
-46.5604248046875 -2.6072938442230225 36.08915328979492
-48.077579498291016 0.8140507340431213 37.68704605102539
-44.57712936401367 1.5641405582427979 43.40779495239258
-41.048274993896484 5.915369033813477 48.501625061035156
-30.27834701538086 5.011386871337891 53.97600173950195
-13.360791206359863 3.033507823944092 59.81267166137695
-31.603046417236328 -2.404254198074341 54.90131759643555
-41.255035400390625 -7.985130310058594 45.33299255371094
-44.96261978149414 -12.10384750366211 34.540321350097656
-44.549041748046875 -4.774503707885742 35.374359130859375
-41.238162994384766 -2.5426242351531982 44.12805938720703
-32.94385528564453 1.3565436601638794 51.226280212402344
-43.632225036621094 -5.561790466308594 35.31267166137695
-41.10683059692383 -3.184631109237671 43.63913345336914
-32.96186447143555 0.7909858226776123 50.957767486572266
0.761834979057312 -25.584630966186523 -74.28707885742188
-2.2969841957092285 -46.35805892944336 -54.491207122802734
-17.842405319213867 -52.923004150390625 -22.93730354309082
-26.47318458557129 -54.07601547241211 7.017871856689453
-31.01703453063965 -51.52555465698242 38.17812728881836
-25.661766052246094 -48.10017395019531 52.95974349975586
-10.653361320495605 -39.812191009521484 64.36776733398438
14.258378028869629 -27.926912307739258 66.08061981201172
42.549015045166016 -12.767562866210938 65.95748901367188
67.09222412109375 4.169859409332275 55.60270690917969
77.46736907958984 27.34258460998535 48.506404876708984
