-32.899662017822266 61.53751754760742 -56.85084915161133
-38.805755615234375 72.49076080322266 -50.951053619384766
-43.77433776855469 77.56461334228516 -40.46702194213867
-48.96524429321289 79.418212890625 -25.65509605407715
-48.52146911621094 72.59786987304688 -16.38238525390625
-47.242122650146484 69.9094009399414 -26.418193817138672
-45.33174133300781 69.53033447265625 -39.280921936035156
-41.139286041259766 64.8766860961914 -49.36150360107422
-27.86663055419922 72.01914978027344 53.40270233154297
-37.99365234375 73.6689453125 46.063758850097656
-43.11982345581055 75.68180847167969 34.79060363769531
-44.36624526977539 73.80574798583984 24.398775100708008
-46.67707443237305 75.73939514160156 16.360034942626953
-46.468502044677734 84.8989028930664 23.74540138244629
-40.668575286865234 85.55264282226562 35.64203643798828
-33.97966384887695 82.84896850585938 46.12078094482422
-38.6664924621582 51.225494384765625 -41.5948600769043
-43.25897216796875 56.129817962646484 -35.95167541503906
-44.261348724365234 58.10540771484375 -30.038854598999023
-42.152137756347656 56.67802429199219 -24.75848388671875
-40.58515167236328 52.419471740722656 -14.790830612182617
-41.92613983154297 49.73458480834961 -23.854597091674805
-43.18937301635742 48.98634719848633 -28.837202072143555
-42.06686782836914 48.9202880859375 -34.752525329589844
-34.003143310546875 59.550086975097656 42.85402297973633
-38.27424240112305 56.86027526855469 37.745399475097656
-40.24285125732422 55.27137756347656 32.03232192993164
-40.02041244506836 55.3906135559082 27.152191162109375
-38.563785552978516 54.71163558959961 19.17595863342285
-40.86719512939453 62.07671356201172 26.850284576416016
-41.16609573364258 63.06475067138672 31.803401947021484
-38.269691467285156 62.540260314941406 36.879337310791016
-40.71103286743164 53.37496566772461 -30.17957878112793
-38.71010208129883 59.53924560546875 31.731754302978516
-47.498477935791016 55.32466125488281 10.04987621307373
-63.62993621826172 32.278343200683594 16.669607162475586
-55.085479736328125 22.15323257446289 24.445402145385742
-57.74285125732422 15.776114463806152 22.001056671142578
-66.55003356933594 21.08572006225586 16.6505184173584
-67.5428466796875 16.972217559814453 7.6454010009765625
-72.59794616699219 19.58584213256836 -2.2255945205688477
-62.56930160522461 12.368793487548828 -2.6913342475891113
-58.442848205566406 18.73992347717285 -12.885333061218262
-67.07697296142578 31.11821746826172 -5.7293243408203125
-49.248558044433594 55.164093017578125 -7.13003396987915
-80.90576934814453 29.95720863342285 7.462192058563232
-61.65325927734375 -17.25420570373535 -14.127021789550781
-69.62745666503906 -6.79566764831543 -0.06913739442825317
-70.38512420654297 -2.57922101020813 3.505967855453491
-70.26289367675781 -3.660830497741699 9.751375198364258
-68.6850357055664 -1.0929707288742065 16.283065795898438
-63.81357955932617 -4.092189311981201 25.756179809570312
-54.5810661315918 -12.158343315124512 35.32095718383789
-67.48700714111328 -12.701459884643555 25.5411434173584
-72.53746795654297 -14.67573356628418 12.856203079223633
-71.27570343017578 -15.796855926513672 -0.9491033554077148
-68.39217376708984 -9.088128089904785 1.861129879951477
-68.6434326171875 -8.00629997253418 10.654389381408691
-65.05537414550781 -7.16737174987793 21.311752319335938
-68.24285125732422 -11.8311185836792 0.7075210809707642
-68.24285125732422 -9.012788772583008 10.655495643615723
-65.55553436279297 -9.523709297180176 21.65513801574707
15.566739082336426 -31.595455169677734 -60.17287826538086
5.490281105041504 -45.4020881652832 -51.165260314941406
-20.877511978149414 -55.495601654052734 -41.090091705322266
-49.85157012939453 -55.0909309387207 -10.710909843444824
-66.3170394897461 -56.19620132446289 1.292235255241394
-68.83858489990234 -55.795894622802734 17.11104393005371
-55.557308197021484 -53.77324676513672 25.665695190429688
-38.404842376708984 -53.28062057495117 44.16071701049805
-8.318181991577148 -49.11629104614258 55.9819221496582
10.039444923400879 -33.155033111572266 65.92022705078125
19.66371726989746 -16.2238826751709 70.86289978027344
