-77.86184692382812 42.530242919921875 -56.83258819580078
-88.47398376464844 52.45609664916992 -50.70764923095703
-93.93688201904297 58.09801483154297 -37.448768615722656
-98.8013687133789 59.840370178222656 -23.07832145690918
-95.12271881103516 54.77000045776367 -12.925602912902832
-93.15264129638672 51.84382629394531 -22.7752742767334
-91.27535247802734 50.433895111083984 -34.549991607666016
-86.11962890625 44.63453674316406 -46.88151931762695
-62.18217086791992 56.3258171081543 45.26645278930664
-67.02916717529297 57.82075881958008 43.928131103515625
-75.97664642333984 59.31422805786133 33.764808654785156
-80.51644897460938 57.874671936035156 24.87014389038086
-87.44608306884766 57.963077545166016 16.93392562866211
-87.16988372802734 66.50924682617188 25.274080276489258
-80.0913314819336 68.74061584472656 35.7036018371582
-68.92740631103516 66.687744140625 46.16114807128906
-78.06957244873047 33.948463439941406 -43.672725677490234
-82.62144470214844 37.314064025878906 -36.969017028808594
-84.89067840576172 41.788639068603516 -29.636695861816406
-81.19825744628906 42.04074478149414 -24.940975189208984
-75.93196868896484 39.728912353515625 -13.433431625366211
-82.30583953857422 37.92913055419922 -7.554380416870117
-79.89134979248047 34.698665618896484 -28.375673294067383
-80.14312744140625 32.87733840942383 -35.39573669433594
-61.76435089111328 48.70035171508789 40.10610580444336
-64.7039794921875 44.540000915527344 35.763545989990234
-66.23558807373047 43.14661407470703 29.633291244506836
-67.08451843261719 44.443519592285156 24.572364807128906
-67.81440734863281 46.0504035949707 16.640056610107422
-70.59429168701172 50.6334342956543 24.373632431030273
-71.96711730957031 51.246639251708984 29.018648147583008
-69.66051483154297 50.75142288208008 36.418399810791016
-82.01436614990234 37.83964157104492 -29.88899040222168
-69.66259765625 47.62253952026367 29.47559928894043
-79.45513916015625 42.290077209472656 9.029744148254395
-83.71272277832031 15.003900527954102 19.440532684326172
-68.1119384765625 9.735669136047363 25.415401458740234
-68.97209167480469 2.9755501747131348 23.873872756958008
-81.13754272460938 -0.03353800252079964 20.278141021728516
-81.73998260498047 -5.998175621032715 12.755692481994629
-92.3857421875 -2.9495959281921387 2.5272738933563232
-76.50670623779297 -3.991706371307373 -3.160557270050049
-78.84497833251953 3.350404977798462 -9.030533790588379
-91.3902816772461 11.511610984802246 -1.3419493436813354
-84.07502746582031 40.06755828857422 -5.891813278198242
-102.076904296875 3.2057015895843506 14.94228458404541
-63.04630661010742 -25.9446964263916 -16.65826988220215
-72.98663330078125 -22.215469360351562 -2.0068531036376953
-74.59120178222656 -19.553245544433594 8.912006378173828
-73.39556121826172 -20.449596405029297 16.12861442565918
-72.34716033935547 -17.70256805419922 21.186302185058594
-63.92864227294922 -17.649595260620117 29.570951461791992
-50.12947463989258 -16.976715087890625 37.76089859008789
-64.92916870117188 -24.35175132751465 29.002622604370117
-70.38880157470703 -29.02088165283203 15.89341926574707
-71.49568939208984 -29.39055824279785 5.454585075378418
-72.22044372558594 -23.52788543701172 5.877953052520752
-71.1373291015625 -23.37528419494629 15.2394437789917
-65.55096435546875 -19.749595642089844 25.467376708984375
-70.2707290649414 -25.936704635620117 2.960970640182495
-70.42794036865234 -23.63335609436035 15.090161323547363
-65.33445739746094 -20.951473236083984 25.53542709350586
-7.529166221618652 -24.174524307250977 -72.30029296875
-0.06380943953990936 -32.13490295410156 -65.54943084716797
-18.33127784729004 -48.86249923706055 -43.73249435424805
-40.41131591796875 -59.215572357177734 -16.055330276489258
-51.559364318847656 -67.31419372558594 3.6097147464752197
-50.23480224609375 -67.30213165283203 19.916059494018555
-38.67285919189453 -62.391658782958984 35.90632247924805
-18.20905303955078 -44.831302642822266 48.21463394165039
7.398460388183594 -28.752429962158203 56.609130859375
32.50640106201172 -12.850383758544922 56.60270690917969
41.9563102722168 5.79815149307251 57.925384521484375
