-44.862220764160156 94.62654113769531 -35.6587028503418
-52.08375930786133 106.21106719970703 -28.573795318603516
-60.87412643432617 108.6393051147461 -14.488781929016113
-64.14741516113281 107.29750061035156 -4.477992057800293
-63.66872787475586 99.10044860839844 3.742584705352783
-61.06999969482422 98.10700225830078 -5.484859466552734
-58.76890563964844 99.90847778320312 -17.345539093017578
-54.774532318115234 97.64701080322266 -26.644739151000977
-29.771984100341797 103.9236831665039 70.81212615966797
-43.64076614379883 105.5772933959961 64.69976806640625
-50.66650390625 105.51606750488281 53.9298095703125
-54.39020919799805 101.76083374023438 43.765377044677734
-60.096920013427734 101.29620361328125 35.88673782348633
-58.00444793701172 111.94416809082031 43.34040451049805
-49.768898010253906 116.16183471679688 53.91578674316406
-39.300540924072266 114.31607818603516 63.97233581542969
-51.21287155151367 82.26740264892578 -21.59845542907715
-55.51573181152344 85.00656127929688 -14.877007484436035
-56.309059143066406 85.53033447265625 -10.20851993560791
-54.73961639404297 84.77600860595703 -4.9710516929626465
-52.66712188720703 80.63103485107422 3.3574893474578857
-54.07815933227539 79.5826187133789 -4.10570764541626
-55.0523681640625 78.77275848388672 -9.684967041015625
-54.1649284362793 78.71350860595703 -14.720585823059082
-43.261314392089844 86.19642639160156 60.62305450439453
-46.45052719116211 84.28419494628906 55.56456756591797
-48.658870697021484 82.5286636352539 50.32270050048828
-48.92580032348633 82.72748565673828 45.12105941772461
-48.773277282714844 83.50940704345703 37.16191864013672
-49.844242095947266 88.56302642822266 44.81822967529297
-50.66780090332031 89.5396957397461 49.123313903808594
-47.34104537963867 88.67069244384766 54.315032958984375
-53.27349090576172 82.8902816772461 -9.90843677520752
-47.59733581542969 87.16498565673828 49.8745002746582
-57.14772033691406 82.93582153320312 29.662710189819336
-70.76185607910156 62.004798889160156 35.595680236816406
-60.54124450683594 52.65264129638672 41.85915756225586
-63.72627639770508 45.075016021728516 39.59715270996094
-73.72151184082031 51.130435943603516 34.83964920043945
-74.97590637207031 43.68056869506836 27.143692016601562
-78.86282348632812 50.81998825073242 18.184772491455078
-68.39405822753906 42.92026901245117 13.306170463562012
-66.40746307373047 49.966094970703125 7.7552385330200195
-74.8598403930664 60.98891067504883 14.97939395904541
-59.41375732421875 82.2616195678711 13.537989616394043
-87.18761444091797 59.16926193237305 26.80025291442871
-60.686485290527344 18.455904006958008 2.660473346710205
-72.55017852783203 23.427783966064453 13.007946968078613
-75.78776550292969 27.98701286315918 21.66597557067871
-75.76229858398438 26.82190704345703 28.057401657104492
-74.32774353027344 29.384775161743164 34.55880355834961
-68.50166320800781 23.584264755249023 43.8939094543457
-53.79832077026367 20.285619735717773 52.460777282714844
-69.10855102539062 15.653725624084473 42.26144790649414
-74.98529815673828 13.788763999938965 28.489625930786133
-72.38794708251953 13.309479713439941 15.029715538024902
-72.49568176269531 21.26064109802246 21.970510482788086
-73.0240707397461 21.34597396850586 28.361860275268555
-68.65052795410156 21.727798461914062 39.188880920410156
-71.42377471923828 20.492820739746094 18.42795181274414
-72.00656127929688 20.669973373413086 28.171144485473633
-68.02420043945312 20.541858673095703 38.832279205322266
19.658954620361328 20.024612426757812 -44.41950988769531
1.9888086318969727 2.534848928451538 -33.432044982910156
-20.358808517456055 -10.596514701843262 -22.776628494262695
-43.766056060791016 -19.182111740112305 -2.757783889770508
-61.789573669433594 -26.696338653564453 17.188453674316406
-62.65391159057617 -28.58301544189453 33.002166748046875
-53.93269729614258 -22.275320053100586 48.24698257446289
-33.406795501708984 -16.46099853515625 65.09485626220703
-8.60789966583252 -4.4651079177856445 74.68016052246094
11.122771263122559 10.590859413146973 78.67304229736328
25.19074058532715 24.207805633544922 81.46974182128906
