-56.96112060546875 128.9127197265625 -41.693931579589844
-59.4914436340332 138.19354248046875 -37.24509811401367
-66.34395599365234 140.7572021484375 -26.640657424926758
-70.66722869873047 140.9422149658203 -16.17563247680664
-72.24860382080078 135.5939483642578 -6.289350509643555
-69.567138671875 133.09298706054688 -14.824727058410645
-67.37750244140625 132.9481658935547 -25.445133209228516
-63.73095703125 130.2931671142578 -34.07449722290039
-51.16230773925781 133.85549926757812 61.31719207763672
-63.70497131347656 133.9964599609375 49.87004089355469
-67.24064636230469 136.279296875 38.43170928955078
-68.3366470336914 135.43905639648438 31.786754608154297
-71.11627960205078 137.01377868652344 23.599699020385742
-70.18180084228516 145.9148406982422 30.031709671020508
-69.4357681274414 145.0656280517578 33.56329345703125
-59.42308807373047 145.352294921875 50.26875686645508
-62.642189025878906 115.68414306640625 -28.44268035888672
-67.54243469238281 119.2422103881836 -22.73189926147461
-68.80017852783203 120.77629089355469 -17.872716903686523
-67.39932250976562 120.23221588134766 -12.413530349731445
-66.67005157470703 117.02983093261719 -4.079184055328369
-67.16152954101562 114.26737213134766 -11.499590873718262
-67.28245544433594 112.92581939697266 -17.52663230895996
-66.61737060546875 112.3608627319336 -21.427703857421875
-60.84049987792969 120.4465103149414 49.754329681396484
-63.79900360107422 117.80382537841797 43.663448333740234
-65.88267517089844 116.6479721069336 38.56031036376953
-65.55489349365234 117.37759399414062 33.624637603759766
-65.24369049072266 118.45785522460938 26.770551681518555
-66.36775207519531 123.4916763305664 33.00810623168945
-67.11805725097656 124.3525390625 37.24203109741211
-65.79649353027344 123.07791900634766 43.2118034362793
-67.18013000488281 117.84221649169922 -16.22759437561035
-65.45629119873047 120.66386413574219 38.19926834106445
-72.99243927001953 119.65145874023438 17.429386138916016
-89.04037475585938 97.40304565429688 21.674514770507812
-79.97419738769531 86.53128814697266 31.179689407348633
-81.070068359375 80.2101058959961 26.93353843688965
-91.59296417236328 84.80081176757812 19.374584197998047
-89.04986572265625 79.35401916503906 11.831709861755371
-95.02873229980469 84.8395004272461 3.2432076930999756
-81.6517105102539 77.14580535888672 -0.22036129236221313
-81.50401306152344 83.02880096435547 -1.118847131729126
-90.15133666992188 95.52039337158203 -1.4484163522720337
-74.52408599853516 118.63475799560547 1.7667661905288696
-104.94063568115234 92.45628356933594 9.8789701461792
-74.64277648925781 50.49668502807617 -8.105168342590332
-87.4544448852539 56.427303314208984 7.109194278717041
-89.36251831054688 60.76408767700195 7.504684925079346
-89.93958282470703 59.33022689819336 13.665142059326172
-88.92115020751953 61.45200729370117 19.89765739440918
-83.47667694091797 57.55531692504883 29.609485626220703
-70.93321990966797 52.295413970947266 38.002933502197266
-83.0453872680664 49.78657150268555 27.632482528686523
-86.4766616821289 48.23048782348633 15.604937553405762
-83.17863464355469 47.81143569946289 0.6641581058502197
-84.97116088867188 54.84221649169922 6.638885021209717
-86.38939666748047 54.478965759277344 14.415327072143555
-83.21067810058594 55.13706588745117 24.93660545349121
-83.39883422851562 52.10676574707031 5.795400619506836
-85.70993041992188 54.08203125 14.500531196594238
-82.88864135742188 53.50822448730469 24.907625198364258
-2.6888065338134766 41.29490661621094 -49.768287658691406
-12.516944885253906 26.84221649169922 -40.926414489746094
-36.11587905883789 12.740499496459961 -36.7266845703125
-60.38615036010742 9.86281967163086 -21.360305786132812
-80.350341796875 7.72787618637085 5.584950923919678
-83.08021545410156 8.470246315002441 18.220195770263672
-76.44986724853516 13.812102317810059 36.57602310180664
-53.660091400146484 12.09810733795166 52.51268005371094
-31.025754928588867 25.442216873168945 68.35698699951172
-10.246052742004395 39.57366180419922 74.0309066772461
4.750129222869873 52.23263168334961 79.38409423828125
