-28.44219207763672 95.5818862915039 -51.92152404785156
-32.82899856567383 108.1568603515625 -44.49214553833008
-38.394004821777344 111.1395492553711 -31.590864181518555
-42.240699768066406 110.49003601074219 -17.272802352905273
-42.71614074707031 103.55396270751953 -8.612273216247559
-41.884761810302734 101.81095123291016 -17.978788375854492
-41.026031494140625 102.40318298339844 -32.063045501708984
-36.77354049682617 99.01763153076172 -42.43498229980469
-7.2291035652160645 86.1062240600586 58.58207321166992
-18.381786346435547 91.96693420410156 53.432132720947266
-28.341787338256836 96.46595001220703 43.73297119140625
-32.2467041015625 96.67671203613281 32.13898468017578
-37.313350677490234 100.3816909790039 23.6064453125
-32.74475860595703 108.2276840209961 32.329132080078125
-24.28447151184082 105.80970764160156 45.180606842041016
-13.048372268676758 100.56786346435547 53.451622009277344
-37.93655014038086 84.94219970703125 -37.650020599365234
-41.14194869995117 89.13448333740234 -30.373807907104492
-40.953704833984375 89.3183822631836 -24.546621322631836
-39.61553192138672 88.25199890136719 -19.508909225463867
-36.16670608520508 81.96353149414062 -11.649589538574219
-39.71109390258789 81.76191711425781 -19.922216415405273
-41.50383758544922 81.37288665771484 -25.187822341918945
-41.10763168334961 81.95170593261719 -30.921743392944336
-22.140623092651367 76.58150482177734 47.24869918823242
-27.8210506439209 75.58525848388672 42.47805404663086
-30.668827056884766 75.86206817626953 36.841331481933594
-31.067813873291016 77.70176696777344 31.1366024017334
-29.526521682739258 78.49319458007812 22.8492488861084
-30.74907112121582 84.38578033447266 31.949899673461914
-30.6997013092041 84.35107421875 37.58358383178711
-28.184226989746094 82.12509155273438 42.52593994140625
-39.4501953125 86.13037872314453 -25.584735870361328
-29.1064510345459 80.0875015258789 37.6609992980957
-41.198448181152344 83.28035736083984 14.366241455078125
-63.08741760253906 61.59575271606445 19.952409744262695
-52.86861038208008 48.39753723144531 23.204517364501953
-58.07808303833008 41.002227783203125 20.618091583251953
-68.58421325683594 49.25080490112305 16.75985336303711
-70.61540985107422 44.53750991821289 8.065939903259277
-75.22730255126953 51.00893020629883 -1.1187604665756226
-64.5916519165039 43.29498291015625 -7.626068592071533
-61.62275695800781 50.52549743652344 -12.300119400024414
-67.12015533447266 62.69486999511719 -5.015388488769531
-44.154075622558594 84.897216796875 -2.986314058303833
-83.98677062988281 60.80452346801758 8.614700317382812
-65.88158416748047 17.080102920532227 -21.94788932800293
-71.80411529541016 26.555639266967773 -9.49982738494873
-74.68143463134766 28.35686683654785 1.4630850553512573
-74.51483917236328 26.4410400390625 7.454134464263916
-72.65522766113281 28.669479370117188 14.128012657165527
-66.73524475097656 24.53680419921875 22.167524337768555
-55.90149688720703 14.878314971923828 31.226991653442383
-73.72798919677734 15.467866897583008 21.55561065673828
-77.99519348144531 15.443317413330078 6.6998372077941895
-78.53414916992188 16.191343307495117 -7.3325347900390625
-73.34517669677734 23.432449340820312 -6.058550834655762
-76.37286376953125 24.040624618530273 7.415828227996826
-70.25798797607422 22.399030685424805 18.601884841918945
-74.80260467529297 23.27646255493164 -5.465896129608154
-77.99263763427734 22.352699279785156 7.30517053604126
-71.21366882324219 21.820125579833984 19.197404861450195
4.927557945251465 7.671180248260498 -77.09223937988281
-14.94818115234375 -8.541558265686035 -66.48582458496094
-39.917171478271484 -17.056081771850586 -53.843414306640625
-61.27003860473633 -19.60841178894043 -36.362281799316406
-78.92861938476562 -22.53994369506836 -16.993553161621094
-81.0302963256836 -24.26838493347168 7.711193561553955
-71.76388549804688 -27.617828369140625 24.81891441345215
-44.98178482055664 -19.243131637573242 46.113643646240234
-14.94326114654541 -26.070566177368164 49.69548797607422
6.332970142364502 -15.743132591247559 55.99121856689453
30.09324836730957 1.5073879957199097 61.01969528198242
