-37.3675422668457 78.3130111694336 -75.72770690917969
-48.97303771972656 92.18949890136719 -68.13285827636719
-56.50599670410156 95.47711944580078 -56.352237701416016
-61.28789138793945 95.24810028076172 -44.62977600097656
-62.795570373535156 87.90008544921875 -32.635372161865234
-58.50386428833008 86.88395690917969 -42.81224822998047
-54.58327865600586 85.59071350097656 -57.31732177734375
-48.212738037109375 82.13267517089844 -66.93002319335938
-33.92655563354492 93.83465576171875 41.10844039916992
-45.323551177978516 94.7445297241211 34.26150131225586
-53.566890716552734 95.21066284179688 23.585830688476562
-55.77289581298828 91.52934265136719 11.70149040222168
-60.64902114868164 92.05079650878906 2.924031972885132
-60.04428482055664 102.29520416259766 11.34278392791748
-52.79151153564453 106.76192474365234 24.167551040649414
-42.27730941772461 104.86646270751953 34.9318962097168
-48.52934646606445 60.15171813964844 -55.86670684814453
-56.25894546508789 65.61817932128906 -51.212249755859375
-56.34687805175781 68.77870178222656 -43.35142517089844
-54.03076934814453 70.32921600341797 -38.5474967956543
-52.27809524536133 67.18682861328125 -25.18914794921875
-57.09502410888672 70.93486785888672 -22.94923973083496
-53.31013107299805 62.66046142578125 -42.53380584716797
-52.285221099853516 59.75498962402344 -48.49526596069336
-45.1019401550293 74.46927642822266 30.02764129638672
-48.95032501220703 70.79812622070312 24.879188537597656
-51.50111389160156 69.3237075805664 19.172189712524414
-53.13829040527344 70.25392150878906 14.18995475769043
-52.05270004272461 72.29891204833984 6.110949993133545
-55.193912506103516 73.94971466064453 13.507883071899414
-56.7525749206543 76.13465118408203 18.929500579833984
-51.64840316772461 73.90242767333984 24.74189567565918
-56.35612869262695 76.6174087524414 -24.79564094543457
-53.290184020996094 72.51028442382812 19.487751007080078
-59.77682876586914 72.72233581542969 -3.352102041244507
-71.16616821289062 50.98310470581055 3.995608329772949
-60.60386657714844 40.46063232421875 11.991945266723633
-63.48708724975586 32.3917236328125 9.116554260253906
-73.5782241821289 35.99995422363281 3.013390302658081
-73.25061798095703 32.449398040771484 -6.412248134613037
-78.10386657714844 35.919029235839844 -17.42655372619629
-64.94952392578125 28.651718139648438 -18.972936630249023
-63.70391082763672 35.886592864990234 -28.421600341796875
-72.80464172363281 47.55940628051758 -22.806339263916016
-60.85185623168945 70.65171813964844 -21.61077308654785
-86.61173248291016 46.85417175292969 -9.260147094726562
-60.51866149902344 -0.32416483759880066 -28.198453903198242
-73.99036407470703 10.066078186035156 -13.215018272399902
-76.39163208007812 14.651718139648438 -9.912248611450195
-74.27027893066406 14.057048797607422 -3.695956230163574
-74.74524688720703 17.239168167114258 3.3999104499816895
-69.30847930908203 10.546025276184082 12.8886137008667
-57.39353561401367 5.508512020111084 24.155853271484375
-71.59234619140625 0.14593368768692017 13.37580680847168
-76.98968505859375 -3.088501453399658 -0.6571041941642761
-73.2470474243164 -2.271787166595459 -14.458091735839844
-71.43849182128906 6.50091552734375 -13.161280632019043
-72.87308502197266 7.219826698303223 -2.9152488708496094
-69.7616195678711 7.865935325622559 8.868487358093262
-70.88098907470703 3.6291279792785645 -12.299065589904785
-72.84060668945312 5.232117176055908 -2.5116324424743652
-70.51863098144531 6.468796253204346 9.363405227661133
1.6961339712142944 -12.832030296325684 -76.41224670410156
-7.59329891204834 -31.731740951538086 -57.2266845703125
-23.314592361450195 -38.10022735595703 -50.313720703125
-45.11914825439453 -39.70964050292969 -26.934850692749023
-57.66508865356445 -41.47874069213867 -12.707002639770508
-61.665550231933594 -41.447566986083984 -1.0895590782165527
-55.00386428833008 -33.05684280395508 25.137968063354492
-38.819541931152344 -32.553592681884766 33.48775100708008
-10.768061637878418 -11.888294219970703 54.405967712402344
14.97238540649414 -2.8332560062408447 65.65196990966797
30.86275863647461 15.351717948913574 69.83509826660156
