-54.18818664550781 101.90372467041016 -62.8110237121582
-56.6419677734375 113.28636169433594 -55.87943649291992
-59.22661209106445 118.04163360595703 -43.686222076416016
-58.93267822265625 120.56192016601562 -29.5032901763916
-57.526302337646484 115.52376556396484 -18.939144134521484
-58.79423522949219 112.2255859375 -28.918804168701172
-61.40771484375 110.15840911865234 -41.34661102294922
-59.51186752319336 105.1491928100586 -51.47021484375
-17.953523635864258 119.2908706665039 40.01591873168945
-28.954402923583984 119.53585815429688 35.12235641479492
-37.88307571411133 120.67635345458984 25.821439743041992
-42.499874114990234 118.17747497558594 16.283855438232422
-47.48002243041992 119.14749145507812 8.439970016479492
-43.095699310302734 127.81858825683594 14.74556827545166
-34.69914627075195 128.5954132080078 25.146284103393555
-24.981630325317383 126.4700927734375 34.53630065917969
-59.952754974365234 89.24275207519531 -44.2053337097168
-62.66621017456055 93.93273162841797 -36.89860534667969
-61.0827751159668 97.7902603149414 -29.96929359436035
-56.85419845581055 97.87442779541016 -25.150970458984375
-53.3819580078125 95.59709167480469 -17.943801879882812
-56.64989471435547 91.69422149658203 -24.711650848388672
-59.33885192871094 88.89250183105469 -30.30121421813965
-60.51640701293945 88.40946197509766 -35.615230560302734
-31.91695213317871 103.83509063720703 34.66787338256836
-36.34235763549805 100.67547607421875 29.60561180114746
-38.9682502746582 99.21488189697266 24.29802703857422
-40.26754379272461 99.68167114257812 19.329347610473633
-42.09869384765625 100.61080932617188 11.96767520904541
-40.239585876464844 106.55297088623047 18.690019607543945
-40.273746490478516 107.75577545166016 22.960344314575195
-38.241065979003906 106.32015228271484 28.892436981201172
-60.064510345458984 93.278564453125 -29.483592987060547
-39.42138671875 103.74930572509766 24.139854431152344
-50.08674240112305 100.66768646240234 5.3638014793396
-60.97180938720703 77.81613159179688 18.523818969726562
-49.919166564941406 65.27803802490234 22.570261001586914
-54.98191833496094 56.9000358581543 21.814517974853516
-66.06462097167969 63.00832748413086 18.228530883789062
-65.6332778930664 56.14091873168945 9.532584190368652
-74.95223236083984 62.866607666015625 3.1558470726013184
-65.1667251586914 52.939727783203125 -5.102396488189697
-64.59721374511719 59.33567428588867 -10.862724304199219
-70.38648223876953 73.339111328125 -5.045774936676025
-55.80150604248047 98.38067626953125 -8.770130157470703
-79.58265686035156 74.15687561035156 12.271854400634766
-64.64022827148438 22.417585372924805 -11.70960807800293
-71.36431121826172 32.40617752075195 5.5997467041015625
-71.68380737304688 38.259239196777344 8.502683639526367
-70.8966293334961 37.48003005981445 14.753192901611328
-67.08468627929688 40.13424301147461 20.398313522338867
-59.24879455566406 36.15232849121094 27.51909828186035
-46.27195358276367 29.205537796020508 32.68498992919922
-61.88003921508789 24.83026885986328 28.09093475341797
-71.07176208496094 22.751272201538086 18.4055233001709
-72.48004150390625 21.176958084106445 4.353182315826416
-69.79842376708984 29.480430603027344 6.034146785736084
-68.69950866699219 30.8823299407959 16.506546020507812
-61.42445755004883 32.297115325927734 23.689376831054688
-69.38880920410156 26.881977081298828 6.249074935913086
-67.92096710205078 29.484905242919922 16.747360229492188
-61.74241638183594 29.591676712036133 24.013446807861328
-3.722893714904785 11.22083854675293 -87.73495483398438
-16.71576499938965 -8.422178268432617 -70.99967193603516
-36.011295318603516 -16.17829704284668 -49.08250427246094
-52.4996223449707 -18.517168045043945 -24.668367385864258
-62.84883117675781 -19.187402725219727 0.6846299767494202
-60.85477828979492 -14.427106857299805 19.13416290283203
-48.107234954833984 -12.096388816833496 34.690391540527344
-21.671546936035156 -3.7643115520477295 45.67979049682617
4.103936672210693 6.342233180999756 53.18706512451172
28.318904876708984 17.695022583007812 54.68136215209961
44.04534912109375 38.07909393310547 53.056236267089844
