-34.001708984375 51.42363357543945 -59.2995719909668
-37.970481872558594 64.8670425415039 -53.5352668762207
-44.03765106201172 69.23333740234375 -42.46766662597656
-47.20107650756836 69.8046646118164 -29.176925659179688
-45.050567626953125 62.919376373291016 -16.846405029296875
-43.63460922241211 60.40473556518555 -28.935943603515625
-43.3716926574707 60.00433349609375 -41.34790802001953
-40.50254440307617 55.586387634277344 -51.68086624145508
-3.2353925704956055 57.44374084472656 48.23273468017578
-16.920066833496094 60.24374008178711 42.60382843017578
-25.11869239807129 63.32878494262695 32.61339569091797
-29.33115005493164 62.8476448059082 21.878246307373047
-35.47475051879883 63.271385192871094 14.668113708496094
-33.13951110839844 71.80923461914062 23.27824592590332
-24.37701988220215 73.13987731933594 33.878517150878906
-12.64871597290039 69.97499084472656 42.692405700683594
-37.51837158203125 38.11589431762695 -45.379783630371094
-42.689849853515625 43.44374084472656 -38.033653259277344
-43.44738006591797 47.07696533203125 -31.63306999206543
-40.048118591308594 46.24374008178711 -24.48692512512207
-35.63890075683594 42.68457794189453 -17.119640350341797
-38.737693786621094 39.89480972290039 -23.983816146850586
-40.855010986328125 36.48012161254883 -29.36909294128418
-40.06977844238281 33.97624588012695 -37.902549743652344
-16.03179168701172 42.528072357177734 37.27824783325195
-21.455411911010742 40.334808349609375 33.23839569091797
-25.06492042541504 39.94374084472656 27.519495010375977
-26.60153579711914 41.61332321166992 22.24189567565918
-27.40172576904297 43.71757507324219 14.587959289550781
-28.577489852905273 47.34248352050781 21.70380973815918
-28.26573371887207 47.910587310791016 26.95978355407715
-23.699758529663086 46.6524543762207 33.487674713134766
-43.00143814086914 42.43022918701172 -28.95443344116211
-25.36977767944336 42.74374008178711 27.58194351196289
-37.592647552490234 45.78923797607422 8.088654518127441
-50.93715286254883 24.83072280883789 17.678247451782227
-40.51285934448242 13.781278610229492 19.751358032226562
-43.77310562133789 6.855137348175049 18.61284065246582
-55.420204162597656 12.24919319152832 15.429759979248047
-55.735450744628906 6.711136341094971 8.5782470703125
-62.36525344848633 11.943741798400879 0.17824700474739075
-50.856136322021484 3.5451061725616455 -5.125478267669678
-50.75556182861328 10.029524803161621 -9.723703384399414
-57.57583999633789 22.100055694580078 -4.353843688964844
-41.76626205444336 44.34073257446289 -7.94724178314209
-69.17990112304688 21.711868286132812 9.30886459350586
-49.78334426879883 -24.987834930419922 -15.221753120422363
-57.758567810058594 -15.55192756652832 -2.020908832550049
-59.59290313720703 -10.198311805725098 5.981844902038574
-58.67417907714844 -11.019002914428711 11.972044944763184
-56.19598388671875 -8.626326560974121 17.810930252075195
-48.76726531982422 -12.252615928649902 25.714698791503906
-34.883277893066406 -19.34022331237793 31.80233383178711
-50.727909088134766 -21.637914657592773 25.13656234741211
-57.87458801269531 -23.251937866210938 13.999917984008789
-58.02046585083008 -24.344768524169922 1.5318264961242676
-56.429176330566406 -17.529878616333008 2.600550889968872
-55.91443634033203 -16.284454345703125 12.31345272064209
-50.533775329589844 -15.756653785705566 21.4688777923584
-55.88907241821289 -18.52659034729004 2.8944671154022217
-55.256309509277344 -18.61231231689453 12.438936233520508
-50.65342712402344 -17.347782135009766 21.578521728515625
16.63022232055664 -34.01402282714844 -77.99778747558594
-0.4848504066467285 -50.59819412231445 -61.64273452758789
-21.818262100219727 -63.294830322265625 -43.22175216674805
-36.54982376098633 -64.4593734741211 -23.347917556762695
-49.08927536010742 -66.33154296875 -3.378101110458374
-49.76203536987305 -65.09703826904297 15.765746116638184
-35.7196159362793 -64.17095184326172 24.95033073425293
-11.79736614227295 -56.710872650146484 43.5136604309082
14.74432373046875 -46.260318756103516 50.44505310058594
41.75503158569336 -34.33144760131836 54.4985466003418
56.49684143066406 -16.465225219726562 53.37824630737305
