-35.42048645019531 63.662227630615234 -61.84247970581055
-41.888580322265625 78.87397766113281 -55.722171783447266
-47.713836669921875 86.91217803955078 -41.12138748168945
-51.11446762084961 89.5434341430664 -26.471288681030273
-50.04244613647461 81.87337493896484 -15.8460111618042
-48.37189865112305 79.27619171142578 -26.26240348815918
-49.04103088378906 76.00946044921875 -39.35668182373047
-44.167720794677734 67.97422790527344 -53.67521286010742
-6.931519985198975 74.48121643066406 50.306941986083984
-20.198198318481445 77.3106689453125 46.42900085449219
-31.349620819091797 81.46556091308594 34.47024154663086
-34.98542404174805 82.17333221435547 23.22995376586914
-40.515342712402344 83.78907012939453 17.107624053955078
-36.61860656738281 96.2106704711914 22.611072540283203
-27.35710906982422 91.35668182373047 35.825531005859375
-14.032307624816895 89.50981140136719 45.7043571472168
-46.18109130859375 54.322383880615234 -42.38996124267578
-49.4031982421875 59.007484436035156 -36.77061462402344
-48.295127868652344 62.61067199707031 -31.137609481811523
-44.88303756713867 62.02952194213867 -26.102313995361328
-39.91140365600586 60.157958984375 -17.74811363220215
-43.92638397216797 56.48202133178711 -25.96971893310547
-45.580570220947266 53.87228012084961 -31.191572189331055
-45.89400863647461 52.80839920043945 -37.42037582397461
-20.50880241394043 61.21067428588867 42.02701187133789
-26.32100486755371 59.076560974121094 37.20188522338867
-30.519542694091797 58.42414093017578 31.096431732177734
-32.189117431640625 60.097679138183594 25.583026885986328
-32.45462417602539 61.654747009277344 17.45284080505371
-34.91634750366211 65.18219757080078 25.79532814025879
-33.73360824584961 65.41067504882812 31.74068260192871
-27.691904067993164 61.976932525634766 36.21269226074219
-45.891902923583984 56.80671691894531 -30.876256942749023
-30.76441192626953 61.312049865722656 31.075626373291016
-40.077186584472656 65.52417755126953 7.645005702972412
-55.07696533203125 43.372222900390625 15.57097053527832
-44.8208122253418 32.216888427734375 21.42176628112793
-48.73487854003906 24.375192642211914 19.880704879760742
-58.39608383178711 30.97222137451172 15.575858116149902
-59.61278533935547 22.101699829101562 6.008572578430176
-66.91155242919922 29.61549949645996 -2.322294235229492
-55.32785415649414 20.090307235717773 -9.781277656555176
-57.93083953857422 27.79656410217285 -13.662546157836914
-60.63052749633789 39.89485549926758 -6.172214508056641
-46.924072265625 63.21674346923828 -9.04114055633545
-74.37311553955078 40.372894287109375 8.736666679382324
-59.440189361572266 -7.534823417663574 -19.562326431274414
-62.510772705078125 4.080785751342773 -8.589312553405762
-63.82881164550781 8.010674476623535 1.5908275842666626
-63.36898422241211 6.978943824768066 8.609251022338867
-61.877342224121094 9.987298011779785 16.034454345703125
-55.819007873535156 9.500396728515625 25.170032501220703
-46.27802658081055 1.070366382598877 37.91032791137695
-62.23817825317383 0.6846096515655518 24.42048454284668
-68.96329498291016 -2.551823377609253 11.506420135498047
-69.7238998413086 -4.677664279937744 -2.129838466644287
-64.62261199951172 0.40091097354888916 -1.496512532234192
-63.95077896118164 3.625866651535034 9.647968292236328
-59.70773696899414 4.792881011962891 19.322603225708008
-65.53596496582031 0.4966655373573303 -0.8038366436958313
-64.71235656738281 2.8709092140197754 9.801189422607422
-59.531517028808594 4.122303485870361 19.86691665649414
-8.143540382385254 -28.687850952148438 -78.6636734008789
-24.040088653564453 -46.74114227294922 -52.77062225341797
-42.63194274902344 -50.35855484008789 -31.23311996459961
-55.993534088134766 -52.13972091674805 -20.470348358154297
-68.98934936523438 -53.46569061279297 4.293667316436768
-62.8941764831543 -50.36895751953125 26.92218780517578
-49.9549446105957 -54.7667236328125 28.34227180480957
-21.570297241210938 -42.04446029663086 46.1700325012207
2.96175217628479 -27.58786964416504 60.82184600830078
33.315086364746094 -22.523160934448242 67.07008361816406
39.9464111328125 -8.558380126953125 69.34053802490234
