32.205745697021484 107.46299743652344 62.98457717895508
41.54586410522461 113.80419158935547 55.26219177246094
49.69448471069336 114.70706176757812 45.06774139404297
55.78749465942383 113.38922119140625 32.853702545166016
57.28490447998047 105.32454681396484 24.821897506713867
51.77205276489258 105.60228729248047 34.440860748291016
49.8452262878418 106.23565673828125 46.517486572265625
43.19135665893555 105.59344482421875 56.74925994873047
33.35407257080078 80.0557861328125 -50.87258529663086
45.4962272644043 83.60367584228516 -42.415313720703125
50.87994384765625 89.70742797851562 -33.415740966796875
52.57793045043945 93.72700500488281 -20.22361946105957
61.70492172241211 103.36763000488281 0.6539125442504883
56.647239685058594 102.25531005859375 -23.519901275634766
50.19749450683594 99.04885864257812 -37.22111892700195
44.06607437133789 92.1069564819336 -46.209716796875
37.40531539916992 92.39619445800781 55.08646774291992
44.739933013916016 93.5823745727539 47.36433792114258
46.95902633666992 94.82943725585938 40.3530158996582
45.87359619140625 94.61642456054688 35.13478088378906
44.585044860839844 91.92058563232422 27.170883178710938
45.03010940551758 89.36190795898438 35.37406539916992
44.00822067260742 88.01258087158203 41.35615921020508
42.41477584838867 88.38264465332031 47.04080581665039
40.22983169555664 73.17774963378906 -36.548397064208984
44.49069595336914 73.65560150146484 -29.206932067871094
46.459617614746094 76.056396484375 -22.449678421020508
50.475093841552734 85.54012298583984 -3.6506824493408203
50.12887954711914 86.86837005615234 -3.4805908203125
54.91160202026367 91.59769439697266 -2.246427059173584
49.12849426269531 84.90464782714844 -23.10188102722168
47.56267166137695 79.04691314697266 -31.159011840820312
45.229522705078125 91.57246398925781 40.35054016113281
47.89221954345703 79.36618041992188 -22.7691593170166
56.181461334228516 88.45223236083984 -1.693099021911621
72.16603088378906 68.8392562866211 -0.5439417958259583
60.653160095214844 55.37125015258789 -3.5094704627990723
64.31468963623047 49.8115119934082 3.465924024581909
75.16783142089844 55.37607955932617 6.925525665283203
73.62393188476562 52.596805572509766 16.152727127075195
76.47270202636719 59.82792663574219 25.384078979492188
62.07120132446289 56.838294982910156 31.124740600585938
58.657188415527344 64.18704986572266 32.93959045410156
68.56954193115234 74.16667938232422 26.085214614868164
54.48424530029297 92.15310668945312 18.697134017944336
90.5307846069336 69.12395477294922 13.57329273223877
56.86353302001953 34.35831069946289 48.542972564697266
67.32869720458984 39.36479949951172 36.24930191040039
72.61830139160156 41.10334396362305 26.260343551635742
73.28256225585938 38.014305114746094 19.523290634155273
72.54972076416016 38.199256896972656 12.727883338928223
69.16973876953125 32.98200225830078 6.382090091705322
59.47877883911133 23.648466110229492 -0.5584913492202759
71.03785705566406 24.978614807128906 10.010636329650879
73.7871322631836 27.757198333740234 21.507509231567383
69.47389221191406 31.665328979492188 35.66890335083008
68.3760757446289 36.3033447265625 32.235233306884766
71.4384994506836 33.9747314453125 20.821510314941406
69.20928192138672 31.194896697998047 10.80842113494873
68.59552001953125 35.52015686035156 32.5477294921875
71.3432388305664 33.196563720703125 20.984886169433594
69.5589828491211 30.140338897705078 10.937838554382324
-25.196613311767578 37.75780487060547 96.96600341796875
-6.545535564422607 19.093578338623047 95.00341033935547
24.17439079284668 5.008402347564697 81.35169982910156
46.461463928222656 -5.173521518707275 65.03707122802734
65.22435760498047 -14.802058219909668 49.38601303100586
74.12549591064453 -16.145130157470703 32.641780853271484
71.50311279296875 -18.430450439453125 18.711509704589844
51.782814025878906 -21.316022872924805 0.32082855701446533
37.43675994873047 -21.871469497680664 -12.447394371032715
23.627857208251953 -21.587390899658203 -22.76535415649414
1.4030803442001343 -9.880850791931152 -45.469146728515625
