20.46411895751953 167.1610107421875 56.07562255859375
32.87327575683594 177.83450317382812 48.82109069824219
42.9495735168457 178.53164672851562 39.07783508300781
50.22353744506836 177.6317138671875 29.45798110961914
50.585575103759766 169.21542358398438 19.9207706451416
35.732421875 162.15106201171875 25.975419998168945
42.277366638183594 171.5237274169922 41.014801025390625
32.67060470581055 166.26414489746094 48.7778205871582
42.470603942871094 162.65452575683594 -19.43871307373047
43.40593719482422 162.86151123046875 -21.184354782104492
52.27060317993164 173.14610290527344 -16.322179794311523
48.07060241699219 170.8854522705078 -10.166715621948242
56.197784423828125 162.96609497070312 0.9206942319869995
53.90831756591797 174.8610076904297 -10.91237735748291
48.12995910644531 129.5594940185547 -29.492979049682617
50.59513473510742 125.875732421875 -25.40746307373047
28.493741989135742 154.7862091064453 43.61211395263672
33.775394439697266 158.56558227539062 37.54779052734375
37.98522186279297 160.53746032714844 32.40613555908203
37.2927131652832 160.1427764892578 29.432048797607422
35.057071685791016 154.56101989746094 20.07781982421875
35.53413009643555 152.0428924560547 26.916933059692383
34.46057891845703 146.1610107421875 28.826322555541992
33.37060546875 150.6269989013672 37.94117736816406
37.026329040527344 150.95965576171875 -31.189401626586914
40.98158645629883 155.05813598632812 -25.684354782104492
39.89600372314453 152.4837188720703 -23.0910587310791
39.510921478271484 152.4639892578125 -19.186277389526367
39.26573944091797 154.6309356689453 -11.213288307189941
39.35805130004883 157.3538360595703 -18.499284744262695
43.16716003417969 162.03298950195312 -21.218734741210938
51.367919921875 157.8346710205078 -2.8215527534484863
33.71878433227539 158.18911743164062 33.08453369140625
41.07060241699219 156.4012908935547 -21.347312927246094
49.77978515625 153.66171264648438 -5.357605934143066
67.29326629638672 135.36264038085938 -5.710505962371826
57.02119827270508 123.63691711425781 -11.811498641967773
58.97712707519531 117.35446166992188 -7.049649715423584
70.4706039428711 122.19833374023438 -4.280510425567627
66.12319946289062 116.99812316894531 4.0651373863220215
70.12480926513672 121.96943664550781 12.473847389221191
54.20104217529297 116.15856170654297 16.266958236694336
51.02403259277344 123.06407928466797 19.08064842224121
62.26353073120117 134.03997802734375 15.49984359741211
46.49240493774414 155.80104064941406 14.379971504211426
85.35211944580078 130.98057556152344 4.252485275268555
46.30854034423828 90.66716766357422 27.07781982421875
57.49016189575195 96.87347412109375 18.417551040649414
64.03719329833984 101.25299835205078 10.017732620239258
65.98004150390625 100.05421447753906 3.4342868328094482
65.7186279296875 102.02850341796875 -2.8752498626708984
63.359519958496094 98.02332305908203 -7.473867893218994
53.250667572021484 93.1543960571289 -22.428800582885742
61.79574966430664 87.96109771728516 -9.68673324584961
62.60731506347656 86.83251953125 2.461679220199585
57.222957611083984 87.49822235107422 16.030662536621094
57.49043273925781 94.36101531982422 13.873899459838867
61.76801681518555 94.68463897705078 3.4162375926971436
61.107666015625 95.60984802246094 -6.590761184692383
57.71339797973633 93.41694641113281 14.147212982177734
61.574676513671875 93.65362548828125 3.1944739818573
61.761051177978516 94.31878662109375 -6.691725254058838
-32.66231918334961 102.19204711914062 57.95381546020508
-23.999704360961914 80.20532989501953 51.85738754272461
0.5426986813545227 67.77070617675781 43.101009368896484
20.332534790039062 55.80329132080078 32.2556266784668
38.960060119628906 46.62204360961914 17.041677474975586
48.99384307861328 47.23067092895508 -0.19947849214076996
46.17549514770508 49.09992980957031 -19.347625732421875
29.370885848999023 57.27550506591797 -37.91443634033203
21.635883331298828 69.86101531982422 -51.00630187988281
-7.478143215179443 89.53971862792969 -66.64175415039062
-13.764528274536133 113.80977630615234 -71.24275207519531
