17.48221206665039 148.27044677734375 105.62434387207031
30.910816192626953 165.6569366455078 102.52384948730469
46.182212829589844 165.27114868164062 90.58079528808594
51.78221130371094 159.1144256591797 80.58438873291016
54.23360061645508 157.08645629882812 70.13444519042969
47.95354461669922 153.04055786132812 78.97312927246094
43.3822135925293 153.96693420410156 91.5229263305664
31.739383697509766 149.81410217285156 100.10182189941406
70.1448745727539 96.44207763671875 45.674293518066406
74.60401916503906 95.7591323852539 44.93480682373047
77.07633972167969 93.97856140136719 51.927555084228516
66.04988098144531 96.85892486572266 57.118953704833984
59.556312561035156 160.4562225341797 37.454898834228516
71.59262084960938 106.04307556152344 65.44503784179688
85.11834716796875 109.6813735961914 58.38079833984375
85.63227844238281 111.84793853759766 52.979347229003906
30.900693893432617 141.1536407470703 92.89398956298828
38.57985305786133 144.37924194335938 87.2480697631836
41.835960388183594 145.84356689453125 82.8055191040039
41.34111785888672 144.97996520996094 76.51337432861328
43.61701583862305 140.45693969726562 69.05645751953125
42.5133171081543 139.62698364257812 78.1235122680664
41.113975524902344 138.7121124267578 83.22944641113281
37.581912994384766 138.98260498046875 88.01861572265625
52.66686248779297 146.64608764648438 7.876226425170898
54.58221435546875 145.23329162597656 12.914185523986816
55.28221130371094 144.271484375 18.704261779785156
53.8822135925293 144.77281188964844 23.544639587402344
48.98221206665039 146.62857055664062 31.08079719543457
53.549495697021484 148.46316528320312 23.9799861907959
54.76514434814453 149.44139099121094 19.49545669555664
55.03599548339844 149.56353759765625 14.212998390197754
39.6752815246582 142.28956604003906 82.42405700683594
54.07255554199219 147.45693969726562 18.547687530517578
53.84906005859375 142.5569305419922 41.1943473815918
72.26468658447266 112.75586700439453 39.42778778076172
64.3943862915039 101.47269439697266 31.127727508544922
57.64341735839844 68.92211151123047 21.280797958374023
74.45478820800781 96.55992126464844 43.69770050048828
69.84883880615234 86.58892822265625 54.31146240234375
65.1590576171875 97.16215515136719 59.71950912475586
53.92679214477539 92.6543960571289 63.980796813964844
52.706398010253906 100.1019287109375 66.96747589111328
61.444583892822266 111.15502166748047 65.5105972290039
53.2064094543457 139.24093627929688 62.01190948486328
86.14889526367188 108.16162109375 55.67131805419922
46.938804626464844 38.49370193481445 61.1807975769043
52.44176483154297 50.37998580932617 55.48686981201172
59.33646774291992 56.6818962097168 42.980796813964844
60.5938606262207 51.922447204589844 32.480796813964844
59.955989837646484 56.30013656616211 27.088340759277344
62.6506462097168 55.261085510253906 20.237071990966797
58.705135345458984 52.13564682006836 12.878378868103027
60.482479095458984 46.075599670410156 20.535785675048828
62.28221130371094 42.33861541748047 40.018550872802734
56.305538177490234 42.573307037353516 52.78079605102539
55.648582458496094 49.35041809082031 50.89090347290039
61.050296783447266 52.00334548950195 35.60675048828125
59.08472442626953 51.867855072021484 22.267162322998047
56.10695266723633 47.356929779052734 50.19630432128906
63.157100677490234 48.94221115112305 44.192420959472656
59.982887268066406 49.526458740234375 24.34098243713379
-26.17474365234375 39.95735549926758 77.28079986572266
-25.917789459228516 39.65692901611328 77.02947998046875
-9.286014556884766 29.156930923461914 73.08079528808594
31.48221206665039 23.334871292114258 74.48079681396484
41.899600982666016 5.521450996398926 48.6033821105957
54.41021728515625 10.14349365234375 24.278501510620117
49.27008056640625 18.31822967529297 1.6117836236953735
43.18824768066406 32.212520599365234 -7.7606329917907715
32.9021110534668 33.19651412963867 -19.763891220092773
11.882211685180664 62.05693054199219 -31.66281509399414
51.268890380859375 70.4569320678711 7.280797004699707
