28.739822387695312 108.98439025878906 61.147098541259766
39.32396697998047 116.69532775878906 53.48192596435547
48.680946350097656 119.08134460449219 42.58403396606445
55.63442611694336 117.69548797607422 31.917783737182617
56.31276321411133 109.99191284179688 23.02446746826172
50.96242904663086 108.76774597167969 31.33945083618164
47.497718811035156 109.33271789550781 43.14467239379883
40.36678695678711 107.71736145019531 53.11469650268555
42.14908981323242 100.5244140625 -53.97161102294922
50.81324768066406 103.13941192626953 -44.54154968261719
56.9659423828125 107.02011108398438 -30.97370719909668
57.136253356933594 107.00301361083984 -18.22014045715332
61.11825942993164 108.79376983642578 -8.580846786499023
63.33442687988281 116.55516815185547 -18.365449905395508
58.066162109375 115.83626556396484 -33.67230987548828
49.65249252319336 113.04335021972656 -46.50577163696289
36.233726501464844 96.31309509277344 48.40749740600586
41.77791213989258 99.79695129394531 42.103206634521484
44.39085388183594 100.33100891113281 36.717254638671875
44.35318374633789 99.95510864257812 31.3196964263916
43.1881217956543 94.62059020996094 22.487154006958008
42.9586296081543 93.55795288085938 30.930479049682617
42.42072296142578 92.63941192626953 36.598411560058594
40.19590759277344 93.58026885986328 42.39523696899414
46.534423828125 90.05477905273438 -37.513912200927734
49.33442687988281 88.96086120605469 -30.12664222717285
50.48381805419922 87.99944305419922 -24.035093307495117
49.394554138183594 89.19559478759766 -19.336214065551758
47.859642028808594 91.70188903808594 -11.107219696044922
51.15354919433594 96.366943359375 -19.282421112060547
52.672611236572266 96.12749481201172 -23.6528263092041
51.30253601074219 95.03581237792969 -29.690025329589844
41.1411018371582 97.79617309570312 36.81822967529297
49.085426330566406 93.633544921875 -24.773704528808594
57.153228759765625 91.79851531982422 -2.136704921722412
71.29640197753906 65.84590148925781 -3.7431766986846924
61.456905364990234 55.26808547973633 -13.027236938476562
64.24298095703125 47.803646087646484 -5.235237121582031
73.56716918945312 53.153358459472656 0.654084324836731
70.5631332397461 46.245121002197266 10.90834903717041
72.60012817382812 53.89035415649414 21.412416458129883
57.639408111572266 50.36810302734375 27.18390464782715
54.90264129638672 58.5068359375 29.19188117980957
65.41632080078125 66.64054870605469 21.32135772705078
53.144676208496094 92.99976348876953 15.02322006225586
87.47759246826172 60.07586669921875 11.837950706481934
45.04249954223633 21.93941307067871 38.14277648925781
57.73442459106445 25.344324111938477 28.014759063720703
67.2886734008789 29.86723518371582 20.505857467651367
68.36895751953125 26.371915817260742 12.466181755065918
69.86565399169922 29.88074493408203 6.6655802726745605
67.75199890136719 25.729719161987305 4.158358573913574
52.981422424316406 19.509721755981445 -14.373822212219238
62.96329879760742 16.176380157470703 -2.965308666229248
64.40547180175781 15.976776123046875 11.9296875
57.459381103515625 17.673513412475586 27.233795166015625
57.81200408935547 23.89928436279297 23.576465606689453
63.00355529785156 22.712169647216797 12.536027908325195
63.258697509765625 22.30501365661621 4.303452014923096
57.60784149169922 22.39574432373047 23.577489852905273
61.75941848754883 20.310239791870117 12.252782821655273
63.83230209350586 21.540390014648438 3.11195707321167
-28.365575790405273 33.13941192626953 72.81136322021484
-20.284175872802734 11.709139823913574 66.27913665771484
1.8059685230255127 -3.2236087322235107 59.60576629638672
24.331817626953125 -14.828071594238281 48.51085662841797
42.28369903564453 -22.47304916381836 32.164451599121094
51.83578872680664 -24.99593162536621 14.225325584411621
50.14620590209961 -25.303733825683594 2.0513761043548584
33.79254913330078 -20.37047004699707 -27.539459228515625
14.726556777954102 -10.260586738586426 -45.218875885009766
-9.42611026763916 7.149771213531494 -59.23837661743164
-16.465576171875 25.43941307067871 -67.76727294921875
