3.3744945526123047 80.47248077392578 52.56887435913086
10.72081470489502 87.77375030517578 44.28654098510742
20.890872955322266 89.36729431152344 34.535343170166016
28.34659194946289 87.947998046875 22.967485427856445
31.368738174438477 79.65428161621094 15.693288803100586
27.09150505065918 78.88045501708984 24.51991844177246
23.39678192138672 81.17312622070312 35.967681884765625
15.754233360290527 79.52547454833984 46.16447830200195
24.253162384033203 54.43590545654297 -56.53778076171875
32.29392623901367 60.210670471191406 -48.58625411987305
36.91536331176758 66.72972106933594 -36.317527770996094
36.09540557861328 68.29349517822266 -23.066442489624023
37.70314407348633 72.72571563720703 -15.067124366760254
37.27407455444336 77.92884063720703 -25.696292877197266
33.56254959106445 73.89656066894531 -39.95816421508789
27.1763916015625 66.73291778564453 -51.50882339477539
17.28887176513672 61.58264923095703 45.31293869018555
24.75847053527832 63.265602111816406 38.9727897644043
27.250072479248047 64.75965118408203 31.631141662597656
26.704181671142578 63.571014404296875 26.58713150024414
26.155542373657227 59.15367126464844 19.66979217529297
26.158809661865234 57.83100891113281 27.508560180664062
25.260360717773438 56.87119674682617 33.79628372192383
22.941993713378906 57.71286392211914 39.269248962402344
33.01251983642578 42.299964904785156 -38.75972366333008
35.78675079345703 42.83131408691406 -31.566389083862305
36.279605865478516 45.680824279785156 -23.978864669799805
34.381649017333984 48.7674674987793 -17.863449096679688
31.4279842376709 52.48563003540039 -11.938395500183105
34.241268157958984 55.497283935546875 -19.5230712890625
37.111785888671875 55.23191833496094 -24.688655853271484
38.207393646240234 50.45408630371094 -32.862945556640625
25.622608184814453 59.8776969909668 33.015193939208984
37.16928482055664 48.37839889526367 -23.519184112548828
38.6497802734375 58.23710632324219 -4.126163482666016
53.16424560546875 41.564090728759766 -0.7096567153930664
46.63730239868164 28.625553131103516 -4.3737359046936035
48.9564094543457 23.073991775512695 1.2095253467559814
57.960426330566406 30.63727378845215 5.3867950439453125
53.73844909667969 27.67299461364746 13.828583717346191
53.7819709777832 33.37277603149414 20.541288375854492
43.4410514831543 27.62460708618164 25.227296829223633
40.53676223754883 34.10617446899414 27.791236877441406
46.835113525390625 44.21037673950195 21.079408645629883
33.479339599609375 60.80083465576172 12.117766380310059
66.5461196899414 43.75931930541992 13.97010326385498
42.63150405883789 7.551536560058594 41.49326705932617
49.9367561340332 13.707799911499023 31.290082931518555
55.0786018371582 17.224393844604492 22.73475456237793
57.539939880371094 15.102413177490234 17.496185302734375
57.444122314453125 14.865988731384277 11.251033782958984
56.32050704956055 9.461212158203125 4.98752498626709
52.35056686401367 -1.6702501773834229 -3.3991894721984863
60.347286224365234 2.3334872722625732 8.760653495788574
61.5005989074707 4.4503045082092285 20.027212142944336
54.19660949707031 7.314208030700684 32.190711975097656
52.2884521484375 11.565457344055176 27.864315032958984
56.93292236328125 10.837052345275879 19.023046493530273
56.54167556762695 7.507835388183594 8.710982322692871
52.714839935302734 10.886358261108398 28.075681686401367
57.47589111328125 9.758890151977539 19.056196212768555
56.995147705078125 6.997900009155273 9.402549743652344
-35.808250427246094 -1.436240315437317 75.85379791259766
-18.78641128540039 -13.833136558532715 76.53387451171875
6.019621849060059 -23.13701820373535 73.66277313232422
28.75840950012207 -30.08699607849121 60.007354736328125
49.06499099731445 -34.065608978271484 44.3988037109375
58.514854431152344 -33.95880889892578 27.92780113220215
57.48992919921875 -38.5842399597168 9.512130737304688
40.30867004394531 -46.28152084350586 -14.077447891235352
21.524049758911133 -48.604034423828125 -34.75217056274414
-2.1370816230773926 -44.7199592590332 -46.603187561035156
-19.93560791015625 -33.093833923339844 -58.54783630371094
