2.461225986480713 69.59801483154297 52.48792266845703
8.490067481994629 80.76612091064453 42.194618225097656
18.961362838745117 80.56027221679688 29.843372344970703
28.555362701416016 76.78312683105469 14.928472518920898
30.877901077270508 66.08833312988281 9.90204906463623
25.100452423095703 66.0388412475586 18.590482711791992
21.085079193115234 70.72064971923828 32.91865921020508
13.586512565612793 69.23489379882812 43.85893249511719
11.413183212280273 38.751983642578125 -63.89723587036133
20.82380485534668 44.41546630859375 -54.15948486328125
25.946029663085938 51.725425720214844 -41.6444091796875
32.5178337097168 59.720741271972656 -13.34998893737793
32.292686462402344 59.248329162597656 -20.54192543029785
31.044876098632812 64.87413024902344 -31.077617645263672
26.074430465698242 60.933074951171875 -44.261566162109375
18.833847045898438 55.684200286865234 -56.29201126098633
13.318392753601074 52.13112258911133 41.17631530761719
20.06513786315918 52.856021881103516 34.03413391113281
22.056079864501953 54.6740608215332 27.244905471801758
21.014488220214844 53.57469940185547 23.29950523376465
19.261390686035156 48.1482048034668 16.6280517578125
20.3437557220459 47.9362907409668 24.110868453979492
19.946849822998047 47.65947723388672 29.296449661254883
18.7596492767334 48.922935485839844 34.392601013183594
20.538042068481445 31.535337448120117 -44.404232025146484
22.968223571777344 31.688308715820312 -38.02333068847656
24.167509078979492 32.50874710083008 -30.940126419067383
22.926910400390625 34.5643196105957 -25.180273056030273
22.448089599609375 40.28825378417969 -15.373217582702637
24.531707763671875 42.21390914916992 -27.622819900512695
26.479015350341797 41.26249313354492 -32.064476013183594
24.758031845092773 36.10030746459961 -39.413265228271484
20.15833854675293 50.76408767700195 28.85582733154297
24.96269416809082 37.19583511352539 -31.755535125732422
33.08531951904297 46.02835464477539 -11.613929748535156
48.839752197265625 31.52449607849121 -9.887456893920898
47.28015899658203 12.932421684265137 -3.844028949737549
49.364593505859375 11.393335342407227 3.874547243118286
52.74526596069336 17.621776580810547 -2.396129608154297
50.24595260620117 13.615750312805176 5.757070064544678
51.691612243652344 21.30379295349121 14.326570510864258
39.30242156982422 14.412276268005371 20.641733169555664
35.27531433105469 21.83486557006836 23.364595413208008
43.779052734375 33.336997985839844 15.55531120300293
28.04474449157715 50.3391227722168 7.26668643951416
65.0560302734375 31.653013229370117 5.4452948570251465
38.683860778808594 -10.18908977508545 37.13600158691406
47.89127731323242 -4.571836948394775 25.9558162689209
52.45721435546875 -1.2639882564544678 15.877821922302246
53.927127838134766 -4.319687366485596 10.076903343200684
52.976375579833984 -2.7582359313964844 8.205146789550781
52.82780075073242 -9.27060604095459 2.543962001800537
44.44853210449219 -19.498443603515625 -7.892815113067627
53.181697845458984 -17.149341583251953 1.9873744249343872
54.818092346191406 -14.734126091003418 11.841556549072266
49.757511138916016 -11.326502799987793 24.7603759765625
49.34968948364258 -7.477773666381836 22.025876998901367
53.357059478759766 -9.468575477600098 11.923172950744629
51.6755256652832 -12.044852256774902 2.228768825531006
49.34574508666992 -8.09074878692627 21.971254348754883
53.33885955810547 -10.067317008972168 11.814335823059082
51.697017669677734 -12.684282302856445 2.5886127948760986
-49.83853530883789 -10.951635360717773 76.82029724121094
-26.321216583251953 -37.74250793457031 73.66497802734375
4.07561731338501 -45.35440444946289 66.99727630615234
29.322513580322266 -49.262229919433594 52.40000534057617
48.062313079833984 -55.9375 39.31379318237305
56.298851013183594 -56.22998046875 24.459400177001953
52.77736282348633 -62.124542236328125 2.794039726257324
37.640499114990234 -63.6862678527832 -8.821434020996094
20.311010360717773 -69.98612213134766 -26.33634376525879
-8.719992637634277 -61.91626739501953 -40.36294174194336
-32.705726623535156 -47.48699188232422 -56.999961853027344
